   1,    x,    x,   30,  
   2,  511,    x,   30,  
   3,  511,   56,   30,  
   4,  511,   56,   30,  
   5,  511,   56,   30,  
   6,  255,   56,   30,  
   7,  255,   35,   30,  
   8,  255,   35,   30,  
   9,  255,   35,   30,  
  10,  127,   35,   30,  
  11,  127,   29,   30,  
  12,  127,   29,   30,  
  13,  127,   29,   30,  
  14,  191,   29,   30,  
  15,  191,   32,   30,  
  16,  191,   32,   30,  
  17,  191,   32,   30,  
  18,  159,   32,   30,  
  19,  159,   30,   30,  
  20,  159,   30,   30,  

   1,    x,    x,   50,  
   2,  511,    x,   50,  
   3,  511,   56,   50,  
   4,  511,   56,   50,  
   5,  511,   56,   50,  
   6,  255,   56,   50,  
   7,  255,   35,   50,  
   8,  255,   35,   50,  
   9,  255,   35,   50,  
  10,  383,   35,   50,  
  11,  383,   44,   50,  
  12,  383,   44,   50,  
  13,  383,   44,   50,  
  14,  447,   44,   50,  
  15,  447,   49,   50,  
  16,  447,   49,   50,  
  17,  447,   49,   50,  
  18,  479,   49,   50,  
  19,  479,   53,   50,  
  20,  479,   53,   50,  
  21,  479,   53,   50,  
  22,  463,   53,   50,  
  23,  463,   51,   50,  
  24,  463,   51,   50,  
  25,  463,   51,   50,  
  26,  455,   51,   50,  
  27,  455,   50,   50,  
  28,  455,   50,   50,  

   1,    x,    x,   70,  
   2,  511,    x,   70,  
   3,  511,   56,   70,  
   4,  511,   56,   70,  
   5,  511,   56,   70,  
   6,  767,   56,   70,  
   7,  767,   97,   70,  
   8,  767,   97,   70,  
   9,  767,   97,   70,  
  10,  639,   97,   70,  
  11,  639,   71,   70,  
  12,  639,   71,   70,  
  13,  639,   71,   70,  
  14,  575,   71,   70,  
  15,  575,   63,   70,  
  16,  575,   63,   70,  
  17,  575,   63,   70,  
  18,  607,   63,   70,  
  19,  607,   67,   70,  
  20,  607,   67,   70,  
  21,  607,   67,   70,  
  22,  623,   67,   70,  
  23,  623,   69,   70,  
  24,  623,   69,   70,  
  25,  623,   69,   70,  
  26,  631,   69,   70,  
  27,  631,   70,   70,  
  28,  631,   70,   70,  

   1,    x,    x,   90,  
   2,  511,    x,   90,  
   3,  511,   56,   90,  
   4,  511,   56,   90,  
   5,  511,   56,   90,  
   6,  767,   56,   90,  
   7,  767,   97,   90,  
   8,  767,   97,   90,  
   9,  767,   97,   90,  
  10,  639,   97,   90,  
  11,  639,   71,   90,  
  12,  639,   71,   90,  
  13,  639,   71,   90,  
  14,  703,   71,   90,  
  15,  703,   82,   90,  
  16,  703,   82,   90,  
  17,  703,   82,   90,  
  18,  735,   82,   90,  
  19,  735,   89,   90,  
  20,  735,   89,   90,  
  21,  735,   89,   90,  
  22,  751,   89,   90,  
  23,  751,   93,   90,  
  24,  751,   93,   90,  
  25,  751,   93,   90,  
  26,  743,   93,   90,  
  27,  743,   91,   90,  
  28,  743,   91,   90,  
  29,  743,   91,   90,  
  30,  739,   91,   90,  
  31,  739,   90,   90,  
  32,  739,   90,   90,  

   1,    x,    x,  110,  
   2,  511,    x,  110,  
   3,  511,   56,  110,  
   4,  511,   56,  110,  
   5,  511,   56,  110,  
   6,  767,   56,  110,  
   7,  767,   97,  110,  
   8,  767,   97,  110,  
   9,  767,   97,  110,  
  10,  895,   97,  110,  
  11,  895,  151,  110,  
  12,  895,  151,  110,  
  13,  895,  151,  110,  
  14,  831,  151,  110,  
  15,  831,  121,  110,  
  16,  831,  121,  110,  
  17,  831,  121,  110,  
  18,  799,  121,  110,  
  19,  799,  108,  110,  
  20,  799,  108,  110,  
  21,  799,  108,  110,  
  22,  815,  108,  110,  
  23,  815,  114,  110,  
  24,  815,  114,  110,  
  25,  815,  114,  110,  
  26,  807,  114,  110,  
  27,  807,  111,  110,  
  28,  807,  111,  110,  
  29,  807,  111,  110,  
  30,  803,  111,  110,  
  31,  803,  110,  110,  
  32,  803,  110,  110,  

   1,    x,    x,  130,  
   2,  511,    x,  130,  
   3,  511,   56,  130,  
   4,  511,   56,  130,  
   5,  511,   56,  130,  
   6,  767,   56,  130,  
   7,  767,   97,  130,  
   8,  767,   97,  130,  
   9,  767,   97,  130,  
  10,  895,   97,  130,  
  11,  895,  151,  130,  
  12,  895,  151,  130,  
  13,  895,  151,  130,  
  14,  831,  151,  130,  
  15,  831,  121,  130,  
  16,  831,  121,  130,  
  17,  831,  121,  130,  
  18,  863,  121,  130,  
  19,  863,  135,  130,  
  20,  863,  135,  130,  
  21,  863,  135,  130,  
  22,  847,  135,  130,  
  23,  847,  128,  130,  
  24,  847,  128,  130,  
  25,  847,  128,  130,  
  26,  855,  128,  130,  
  27,  855,  131,  130,  
  28,  855,  131,  130,  
  29,  855,  131,  130,  
  30,  851,  131,  130,  
  31,  851,  130,  130,  
  32,  851,  130,  130,  

   1,    x,    x,  150,  
   2,  511,    x,  150,  
   3,  511,   56,  150,  
   4,  511,   56,  150,  
   5,  511,   56,  150,  
   6,  767,   56,  150,  
   7,  767,   97,  150,  
   8,  767,   97,  150,  
   9,  767,   97,  150,  
  10,  895,   97,  150,  
  11,  895,  151,  150,  
  12,  895,  151,  150,  
  13,  895,  151,  150,  
  14,  831,  151,  150,  
  15,  831,  121,  150,  
  16,  831,  121,  150,  
  17,  831,  121,  150,  
  18,  863,  121,  150,  
  19,  863,  135,  150,  
  20,  863,  135,  150,  
  21,  863,  135,  150,  
  22,  879,  135,  150,  
  23,  879,  143,  150,  
  24,  879,  143,  150,  
  25,  879,  143,  150,  
  26,  887,  143,  150,  
  27,  887,  147,  150,  
  28,  887,  147,  150,  
  29,  887,  147,  150,  
  30,  891,  147,  150,  
  31,  891,  149,  150,  
  32,  891,  149,  150,  
  33,  891,  149,  150,  
  34,  893,  149,  150,  
  35,  893,  150,  150,  
  36,  893,  150,  150,  

   1,    x,    x,  170,  
   2,  511,    x,  170,  
   3,  511,   56,  170,  
   4,  511,   56,  170,  
   5,  511,   56,  170,  
   6,  767,   56,  170,  
   7,  767,   97,  170,  
   8,  767,   97,  170,  
   9,  767,   97,  170,  
  10,  895,   97,  170,  
  11,  895,  151,  170,  
  12,  895,  151,  170,  
  13,  895,  151,  170,  
  14,  959,  151,  170,  
  15,  959,  192,  170,  
  16,  959,  192,  170,  
  17,  959,  192,  170,  
  18,  927,  192,  170,  
  19,  927,  169,  170,  
  20,  927,  169,  170,  
  21,  927,  169,  170,  
  22,  943,  169,  170,  
  23,  943,  179,  170,  
  24,  943,  179,  170,  
  25,  943,  179,  170,  
  26,  935,  179,  170,  
  27,  935,  174,  170,  
  28,  935,  174,  170,  
  29,  935,  174,  170,  
  30,  931,  174,  170,  
  31,  931,  171,  170,  
  32,  931,  171,  170,  
  33,  931,  171,  170,  
  34,  929,  171,  170,  
  35,  929,  170,  170,  
  36,  929,  170,  170,  

   1,    x,    x,  190,  
   2,  511,    x,  190,  
   3,  511,   56,  190,  
   4,  511,   56,  190,  
   5,  511,   56,  190,  
   6,  767,   56,  190,  
   7,  767,   97,  190,  
   8,  767,   97,  190,  
   9,  767,   97,  190,  
  10,  895,   97,  190,  
  11,  895,  151,  190,  
  12,  895,  151,  190,  
  13,  895,  151,  190,  
  14,  959,  151,  190,  
  15,  959,  192,  190,  
  16,  959,  192,  190,  
  17,  959,  192,  190,  
  18,  927,  192,  190,  
  19,  927,  169,  190,  
  20,  927,  169,  190,  
  21,  927,  169,  190,  
  22,  943,  169,  190,  
  23,  943,  179,  190,  
  24,  943,  179,  190,  
  25,  943,  179,  190,  
  26,  951,  179,  190,  
  27,  951,  185,  190,  
  28,  951,  185,  190,  
  29,  951,  185,  190,  
  30,  955,  185,  190,  
  31,  955,  189,  190,  
  32,  955,  189,  190,  
  33,  955,  189,  190,  
  34,  957,  189,  190,  
  35,  957,  190,  190,  
  36,  957,  190,  190,  

   1,    x,    x,  210,  
   2,  511,    x,  210,  
   3,  511,   56,  210,  
   4,  511,   56,  210,  
   5,  511,   56,  210,  
   6,  767,   56,  210,  
   7,  767,   97,  210,  
   8,  767,   97,  210,  
   9,  767,   97,  210,  
  10,  895,   97,  210,  
  11,  895,  151,  210,  
  12,  895,  151,  210,  
  13,  895,  151,  210,  
  14,  959,  151,  210,  
  15,  959,  192,  210,  
  16,  959,  192,  210,  
  17,  959,  192,  210,  
  18,  991,  192,  210,  
  19,  991,  233,  210,  
  20,  991,  233,  210,  
  21,  991,  233,  210,  
  22,  975,  233,  210,  
  23,  975,  209,  210,  
  24,  975,  209,  210,  
  25,  975,  209,  210,  
  26,  983,  209,  210,  
  27,  983,  220,  210,  
  28,  983,  220,  210,  
  29,  983,  220,  210,  
  30,  979,  220,  210,  
  31,  979,  214,  210,  
  32,  979,  214,  210,  
  33,  979,  214,  210,  
  34,  977,  214,  210,  
  35,  977,  212,  210,  
  36,  977,  212,  210,  
  37,  977,  212,  210,  
  38,  976,  212,  210,  
  39,  976,  210,  210,  
  40,  976,  210,  210,  

   1,    x,    x,  230,  
   2,  511,    x,  230,  
   3,  511,   56,  230,  
   4,  511,   56,  230,  
   5,  511,   56,  230,  
   6,  767,   56,  230,  
   7,  767,   97,  230,  
   8,  767,   97,  230,  
   9,  767,   97,  230,  
  10,  895,   97,  230,  
  11,  895,  151,  230,  
  12,  895,  151,  230,  
  13,  895,  151,  230,  
  14,  959,  151,  230,  
  15,  959,  192,  230,  
  16,  959,  192,  230,  
  17,  959,  192,  230,  
  18,  991,  192,  230,  
  19,  991,  233,  230,  
  20,  991,  233,  230,  
  21,  991,  233,  230,  
  22,  975,  233,  230,  
  23,  975,  209,  230,  
  24,  975,  209,  230,  
  25,  975,  209,  230,  
  26,  983,  209,  230,  
  27,  983,  220,  230,  
  28,  983,  220,  230,  
  29,  983,  220,  230,  
  30,  987,  220,  230,  
  31,  987,  226,  230,  
  32,  987,  226,  230,  
  33,  987,  226,  230,  
  34,  989,  226,  230,  
  35,  989,  229,  230,  
  36,  989,  229,  230,  
  37,  989,  229,  230,  
  38,  990,  229,  230,  
  39,  990,  231,  230,  
  40,  990,  231,  230,  
  41,  990,  231,  230,  
  42,  989,  231,  230,  
  43,  989,  229,  230,  
  44,  989,  229,  230,  
  45,  989,  229,  230,  
  46,  989,  229,  230,  

   1,    x,    x,  250,  
   2,  511,    x,  250,  
   3,  511,   56,  250,  
   4,  511,   56,  250,  
   5,  511,   56,  250,  
   6,  767,   56,  250,  
   7,  767,   97,  250,  
   8,  767,   97,  250,  
   9,  767,   97,  250,  
  10,  895,   97,  250,  
  11,  895,  151,  250,  
  12,  895,  151,  250,  
  13,  895,  151,  250,  
  14,  959,  151,  250,  
  15,  959,  192,  250,  
  16,  959,  192,  250,  
  17,  959,  192,  250,  
  18,  991,  192,  250,  
  19,  991,  233,  250,  
  20,  991,  233,  250,  
  21,  991,  233,  250,  
  22, 1007,  233,  250,  
  23, 1007,  267,  250,  
  24, 1007,  267,  250,  
  25, 1007,  267,  250,  
  26,  999,  267,  250,  
  27,  999,  248,  250,  
  28,  999,  248,  250,  
  29,  999,  248,  250,  
  30, 1003,  248,  250,  
  31, 1003,  257,  250,  
  32, 1003,  257,  250,  
  33, 1003,  257,  250,  
  34, 1001,  257,  250,  
  35, 1001,  253,  250,  
  36, 1001,  253,  250,  
  37, 1001,  253,  250,  
  38, 1000,  253,  250,  
  39, 1000,  251,  250,  
  40, 1000,  251,  250,  
  41, 1000,  251,  250,  

   1,    x,    x,  270,  
   2,  511,    x,  270,  
   3,  511,   56,  270,  
   4,  511,   56,  270,  
   5,  511,   56,  270,  
   6,  767,   56,  270,  
   7,  767,   97,  270,  
   8,  767,   97,  270,  
   9,  767,   97,  270,  
  10,  895,   97,  270,  
  11,  895,  151,  270,  
  12,  895,  151,  270,  
  13,  895,  151,  270,  
  14,  959,  151,  270,  
  15,  959,  192,  270,  
  16,  959,  192,  270,  
  17,  959,  192,  270,  
  18,  991,  192,  270,  
  19,  991,  233,  270,  
  20,  991,  233,  270,  
  21,  991,  233,  270,  
  22, 1007,  233,  270,  
  23, 1007,  267,  270,  
  24, 1007,  267,  270,  
  25, 1007,  267,  270,  
  26, 1015,  267,  270,  
  27, 1015,  290,  270,  
  28, 1015,  290,  270,  
  29, 1015,  290,  270,  
  30, 1011,  290,  270,  
  31, 1011,  278,  270,  
  32, 1011,  278,  270,  
  33, 1011,  278,  270,  
  34, 1009,  278,  270,  
  35, 1009,  273,  270,  
  36, 1009,  273,  270,  
  37, 1009,  273,  270,  
  38, 1008,  273,  270,  
  39, 1008,  270,  270,  
  40, 1008,  270,  270,  

   1,    x,    x,  290,  
   2,  511,    x,  290,  
   3,  511,   56,  290,  
   4,  511,   56,  290,  
   5,  511,   56,  290,  
   6,  767,   56,  290,  
   7,  767,   97,  290,  
   8,  767,   97,  290,  
   9,  767,   97,  290,  
  10,  895,   97,  290,  
  11,  895,  151,  290,  
  12,  895,  151,  290,  
  13,  895,  151,  290,  
  14,  959,  151,  290,  
  15,  959,  192,  290,  
  16,  959,  192,  290,  
  17,  959,  192,  290,  
  18,  991,  192,  290,  
  19,  991,  233,  290,  
  20,  991,  233,  290,  
  21,  991,  233,  290,  
  22, 1007,  233,  290,  
  23, 1007,  267,  290,  
  24, 1007,  267,  290,  
  25, 1007,  267,  290,  
  26, 1015,  267,  290,  
  27, 1015,  290,  290,  
  28, 1015,  290,  290,  

