time clk rst start enable i_ref q_measured ready q_desired converged
                   0 0 0 0 0    x    x 0    0 x
                   1 1 0 0 0    x    x 0    0 x
                   2 0 0 0 0    x    x 0    0 x
                   3 1 0 0 0    x    x 0    0 x
                   4 0 0 0 0    x    x 0    0 x
                   5 1 1 0 0    x    Z 0    0 0
                   6 0 1 0 0    x    Z 0    0 0
                   7 1 1 0 0  511    Z 0    0 0
                   8 0 1 0 0  511    Z 0    0 0
                   9 1 1 0 0  511    Z 0    0 0
                  10 0 0 0 0  511    Z 0    0 0
                  11 1 0 0 0  511    Z 0    0 0
                  12 0 0 0 0  511    Z 0    0 0
                  13 1 0 0 0  511    Z 0    0 0
                  14 0 0 0 0  511    Z 0    0 0
                  15 1 0 1 1  511    Z 0   41 0
                  16 0 0 1 1  511    Z 0   41 0
                  17 1 0 1 1  511    Z 0   41 0
                  18 0 0 1 1  511    Z 0   41 0
                  19 1 0 1 1  511    Z 0   41 0
                  20 0 0 1 1  511    Z 0   41 0
                  21 1 0 1 1  511    Z 0   41 0
                  22 0 0 1 1  511    Z 0   41 0
                  23 1 0 1 1  511    Z 0   41 0
                  24 0 0 1 1  511    Z 0   41 0
                  25 1 0 1 1  511    Z 0   41 0
                  26 0 0 1 1  511    Z 0   41 0
                  27 1 0 1 1  511    Z 0   41 0
                  28 0 0 1 1  511    Z 0   41 0
                  29 1 0 1 1  511    Z 0   41 0
                  30 0 0 1 1  511    Z 0   41 0
                  31 1 0 1 1  511    Z 0   41 0
                  32 0 0 1 1  511    Z 0   41 0
                  33 1 0 1 1  511    Z 0   41 0
                  34 0 0 1 1  511    Z 0   41 0
                  35 1 0 1 1  511    Z 0   41 0
                  36 0 0 1 1  511    Z 0   41 0
                  37 1 0 1 1  511    Z 0   41 0
                  38 0 0 1 1  511    Z 0   41 0
                  39 1 0 1 1  511    Z 0   41 0
                  40 0 0 1 1  511    Z 0   41 0
                  41 1 0 1 1  511    Z 0   41 0
                  42 0 0 1 1  511    Z 0   41 0
                  43 1 0 1 1  511    Z 0   41 0
                  44 0 0 1 1  511    Z 0   41 0
                  45 1 0 1 1  511    Z 0   41 0
                  46 0 0 1 1  511    Z 0   41 0
                  47 1 0 1 1  511    Z 0   41 0
                  48 0 0 1 1  511    Z 0   41 0
                  49 1 0 1 1  511    Z 0   41 0
                  50 0 0 1 1  511    Z 0   41 0
                  51 1 0 1 1  511    Z 0   41 0
                  52 0 0 1 1  511    Z 0   41 0
                  53 1 0 1 1  511    Z 0   41 0
                  54 0 0 1 1  511    Z 0   41 0
                  55 1 0 1 1  511    Z 0   41 0
                  56 0 0 1 1  511    Z 0   41 0
                  57 1 0 1 1  511    Z 0   41 0
                  58 0 0 1 1  511    Z 0   41 0
                  59 1 0 1 1  511    Z 0   41 0
                  60 0 0 1 1  511    Z 0   41 0
                  61 1 0 1 1  511    Z 0   41 0
                  62 0 0 1 1  511    Z 0   41 0
                  63 1 0 1 1  511    Z 0   41 0
                  64 0 0 1 1  511    Z 0   41 0
                  65 1 0 1 1  511    Z 0   41 0
                  66 0 0 1 1  511    Z 0   41 0
                  67 1 0 1 1  511    Z 0   41 0
                  68 0 0 1 1  511    Z 0   41 0
                  69 1 0 1 1  511    Z 0   41 0
                  70 0 0 1 1  511    Z 0   41 0
                  71 1 0 1 1  511    Z 0   41 0
                  72 0 0 1 1  511    Z 0   41 0
                  73 1 0 1 1  511    Z 0   41 0
                  74 0 0 1 1  511    Z 0   41 0
                  75 1 0 1 1  511    Z 0   41 0
                  76 0 0 1 1  511    Z 0   41 0
                  77 1 0 1 1  511    Z 0   41 0
                  78 0 0 1 1  511    Z 0   41 0
                  79 1 0 1 1  511    Z 0   41 0
                  80 0 0 1 1  511    Z 0   41 0
                  81 1 0 1 1  511    Z 0   41 0
                  82 0 0 1 1  511    Z 0   41 0
                  83 1 0 1 1  511    Z 0   41 0
                  84 0 0 1 1  511    Z 0   41 0
                  85 1 0 1 1  511    Z 0   41 0
                  86 0 0 1 1  511    Z 0   41 0
                  87 1 0 1 1  511    Z 0   41 0
                  88 0 0 1 1  511    Z 0   41 0
                  89 1 0 1 1  511    Z 0   41 0
                  90 0 0 1 1  511    Z 0   41 0
                  91 1 0 1 1  511    Z 0   41 0
                  92 0 0 1 1  511    Z 0   41 0
                  93 1 0 1 1  511    Z 0   41 0
                  94 0 0 1 1  511    Z 0   41 0
                  95 1 0 1 1  511    Z 0   41 0
                  96 0 0 1 1  511    Z 0   41 0
                  97 1 0 1 1  511    Z 0   41 0
                  98 0 0 1 1  511    Z 0   41 0
                  99 1 0 1 1  511    Z 0   41 0
                 100 0 0 1 1  511    Z 0   41 0
                 101 1 0 1 1  511    Z 0   41 0
                 102 0 0 1 1  511    Z 0   41 0
                 103 1 0 1 1  511    Z 0   41 0
                 104 0 0 1 1  511    Z 0   41 0
                 105 1 0 1 1  511    Z 0   41 0
                 106 0 0 1 1  511    Z 0   41 0
                 107 1 0 1 1  511    Z 0   41 0
                 108 0 0 1 1  511    Z 0   41 0
                 109 1 0 1 1  511    Z 0   41 0
                 110 0 0 1 1  511    Z 0   41 0
                 111 1 0 1 1  511    Z 0   41 0
                 112 0 0 1 1  511    Z 0   41 0
                 113 1 0 1 1  511    Z 0   41 0
                 114 0 0 1 1  511    Z 0   41 0
                 115 1 0 1 1  511    Z 0   41 0
                 116 0 0 1 1  511    Z 0   41 0
                 117 1 0 1 1  511    Z 0   41 0
                 118 0 0 1 1  511    Z 0   41 0
                 119 1 0 1 1  511    Z 0   41 0
                 120 0 0 1 1  511    Z 0   41 0
                 121 1 0 1 1  511    Z 0   41 0
                 122 0 0 1 1  511    Z 0   41 0
                 123 1 0 1 1  511    Z 0   41 0
                 124 0 0 1 1  511    Z 0   41 0
                 125 1 0 1 1  511    Z 0   41 0
                 126 0 0 1 1  511    Z 0   41 0
                 127 1 0 1 1  511    Z 0   41 0
                 128 0 0 1 1  511    Z 0   41 0
                 129 1 0 1 1  511    Z 0   41 0
                 130 0 0 1 1  511    Z 0   41 0
                 131 1 0 1 1  511    Z 0   41 0
                 132 0 0 1 1  511    Z 0   41 0
                 133 1 0 1 1  511    Z 0   41 0
                 134 0 0 1 1  511    Z 0   41 0
                 135 1 0 1 1  511    Z 0   41 0
                 136 0 0 1 1  511    Z 0   41 0
                 137 1 0 1 1  511    Z 0   41 0
                 138 0 0 1 1  511    Z 0   41 0
                 139 1 0 1 1  511    Z 0   41 0
                 140 0 0 1 1  511    Z 0   41 0
                 141 1 0 1 1  511    Z 0   41 0
                 142 0 0 1 1  511    Z 0   41 0
                 143 1 0 1 1  511    Z 0   41 0
                 144 0 0 1 1  511    Z 0   41 0
                 145 1 0 1 1  511    Z 0   41 0
                 146 0 0 1 1  511    Z 0   41 0
                 147 1 0 1 1  511    Z 0   41 0
                 148 0 0 1 1  511    Z 0   41 0
                 149 1 0 1 1  511    Z 0   41 0
                 150 0 0 1 1  511    Z 0   41 0
                 151 1 0 1 1  511    Z 0   41 0
                 152 0 0 1 1  511    Z 0   41 0
                 153 1 0 1 1  511    Z 0   41 0
                 154 0 0 1 1  511    Z 0   41 0
                 155 1 0 1 1  511    Z 0   41 0
                 156 0 0 1 1  511    Z 0   41 0
                 157 1 0 1 1  511    Z 0   41 0
                 158 0 0 1 1  511    Z 0   41 0
                 159 1 0 1 1  511    Z 0   41 0
                 160 0 0 1 1  511    Z 0   41 0
                 161 1 0 1 1  511    Z 0   41 0
                 162 0 0 1 1  511    Z 0   41 0
                 163 1 0 1 1  511    Z 0   41 0
                 164 0 0 1 1  511    Z 0   41 0
                 165 1 0 1 1  511    Z 0   41 0
                 166 0 0 1 1  511    Z 0   41 0
                 167 1 0 1 1  511    Z 0   41 0
                 168 0 0 1 1  511    Z 0   41 0
                 169 1 0 1 1  511    Z 0   41 0
                 170 0 0 1 1  511    Z 0   41 0
                 171 1 0 1 1  511    Z 0   41 0
                 172 0 0 1 1  511    Z 0   41 0
                 173 1 0 1 1  511    Z 0   41 0
                 174 0 0 1 1  511    Z 0   41 0
                 175 1 0 1 1  511    Z 0   41 0
                 176 0 0 1 1  511    Z 0   41 0
                 177 1 0 1 1  511    Z 0   41 0
                 178 0 0 1 1  511    Z 0   41 0
                 179 1 0 1 1  511    Z 0   41 0
                 180 0 0 1 1  511    Z 0   41 0
                 181 1 0 1 1  511    Z 0   41 0
                 182 0 0 1 1  511    Z 0   41 0
                 183 1 0 1 1  511    Z 0   41 0
                 184 0 0 1 1  511    Z 0   41 0
                 185 1 0 1 1  511    Z 0   41 0
                 186 0 0 1 1  511    Z 0   41 0
                 187 1 0 1 1  511    Z 0   41 0
                 188 0 0 1 1  511    Z 0   41 0
                 189 1 0 1 1  511    Z 0   41 0
                 190 0 0 1 1  511    Z 0   41 0
                 191 1 0 1 1  511    Z 0   41 0
                 192 0 0 1 1  511    Z 0   41 0
                 193 1 0 1 1  511    Z 0   41 0
                 194 0 0 1 1  511    Z 0   41 0
                 195 1 0 1 1  511    Z 0   41 0
                 196 0 0 1 1  511    Z 0   41 0
                 197 1 0 1 1  511    Z 0   41 0
                 198 0 0 1 1  511    Z 0   41 0
                 199 1 0 1 1  511    Z 0   41 0
                 200 0 0 1 1  511    Z 0   41 0
                 201 1 0 1 1  511    Z 0   41 0
                 202 0 0 1 1  511    Z 0   41 0
                 203 1 0 1 1  511    Z 0   41 0
                 204 0 0 1 1  511    Z 0   41 0
                 205 1 0 1 1  511    Z 0   41 0
                 206 0 0 1 1  511    Z 0   41 0
                 207 1 0 1 1  511    Z 0   41 0
                 208 0 0 1 1  511    Z 0   41 0
                 209 1 0 1 1  511    Z 0   41 0
                 210 0 0 1 1  511    Z 0   41 0
                 211 1 0 1 1  511    Z 0   41 0
                 212 0 0 1 1  511    Z 0   41 0
                 213 1 0 1 1  511    Z 0   41 0
                 214 0 0 1 1  511    Z 0   41 0
                 215 1 0 1 1  511    Z 0   41 0
                 216 0 0 1 1  511    Z 0   41 0
                 217 1 0 1 1  511    Z 0   41 0
                 218 0 0 1 1  511    Z 0   41 0
                 219 1 0 1 1  511    Z 0   41 0
                 220 0 0 1 1  511    Z 0   41 0
                 221 1 0 1 1  511    Z 0   41 0
                 222 0 0 1 1  511    Z 0   41 0
                 223 1 0 1 1  511    Z 0   41 0
                 224 0 0 1 1  511    Z 0   41 0
                 225 1 0 1 1  511    Z 0   41 0
                 226 0 0 1 1  511    Z 0   41 0
                 227 1 0 1 1  511    Z 0   41 0
                 228 0 0 1 1  511    Z 0   41 0
                 229 1 0 1 1  511    Z 0   41 0
                 230 0 0 1 1  511    Z 0   41 0
                 231 1 0 1 1  511    Z 0   41 0
                 232 0 0 1 1  511    Z 0   41 0
                 233 1 0 1 1  511    Z 0   41 0
                 234 0 0 1 1  511    Z 0   41 0
                 235 1 0 1 1  511    Z 0   41 0
                 236 0 0 1 1  511    Z 0   41 0
                 237 1 0 1 1  511    Z 0   41 0
                 238 0 0 1 1  511    Z 0   41 0
                 239 1 0 1 1  511    Z 0   41 0
                 240 0 0 1 1  511    Z 0   41 0
                 241 1 0 1 1  511   54 1   41 0
                 242 0 0 1 1  511   54 1   41 0
                 243 1 0 1 1  511   54 0   41 0
                 244 0 0 1 1  511   54 0   41 0
                 245 1 0 1 1  255   54 0   41 0
                 246 0 0 1 1  255   54 0   41 0
                 247 1 0 1 1  255   54 0   41 0
                 248 0 0 1 1  255   54 0   41 0
                 249 1 0 1 1  255   54 0   41 0
                 250 0 0 1 1  255   54 0   41 0
                 251 1 0 1 1  255   54 0   41 0
                 252 0 0 1 1  255   54 0   41 0
                 253 1 0 1 1  255   54 0   41 0
                 254 0 0 1 1  255   54 0   41 0
                 255 1 0 1 1  255   54 0   41 0
                 256 0 0 1 1  255   54 0   41 0
                 257 1 0 1 1  255   54 0   41 0
                 258 0 0 1 1  255   54 0   41 0
                 259 1 0 1 1  255   54 0   41 0
                 260 0 0 1 1  255   54 0   41 0
                 261 1 0 1 1  255   54 0   41 0
                 262 0 0 1 1  255   54 0   41 0
                 263 1 0 1 1  255   54 0   41 0
                 264 0 0 1 1  255   54 0   41 0
                 265 1 0 1 1  255   54 0   41 0
                 266 0 0 1 1  255   54 0   41 0
                 267 1 0 1 1  255   54 0   41 0
                 268 0 0 1 1  255   54 0   41 0
                 269 1 0 1 1  255   54 0   41 0
                 270 0 0 1 1  255   54 0   41 0
                 271 1 0 1 1  255   54 0   41 0
                 272 0 0 1 1  255   54 0   41 0
                 273 1 0 1 1  255   54 0   41 0
                 274 0 0 1 1  255   54 0   41 0
                 275 1 0 1 1  255   54 0   41 0
                 276 0 0 1 1  255   54 0   41 0
                 277 1 0 1 1  255   54 0   41 0
                 278 0 0 1 1  255   54 0   41 0
                 279 1 0 1 1  255   54 0   41 0
                 280 0 0 1 1  255   54 0   41 0
                 281 1 0 1 1  255   54 0   41 0
                 282 0 0 1 1  255   54 0   41 0
                 283 1 0 1 1  255   54 0   41 0
                 284 0 0 1 1  255   54 0   41 0
                 285 1 0 1 1  255   54 0   41 0
                 286 0 0 1 1  255   54 0   41 0
                 287 1 0 1 1  255   54 0   41 0
                 288 0 0 1 1  255   54 0   41 0
                 289 1 0 1 1  255   54 0   41 0
                 290 0 0 1 1  255   54 0   41 0
                 291 1 0 1 1  255   54 0   41 0
                 292 0 0 1 1  255   54 0   41 0
                 293 1 0 1 1  255   54 0   41 0
                 294 0 0 1 1  255   54 0   41 0
                 295 1 0 1 1  255   54 0   41 0
                 296 0 0 1 1  255   54 0   41 0
                 297 1 0 1 1  255   54 0   41 0
                 298 0 0 1 1  255   54 0   41 0
                 299 1 0 1 1  255   54 0   41 0
                 300 0 0 1 1  255   54 0   41 0
                 301 1 0 1 1  255   54 0   41 0
                 302 0 0 1 1  255   54 0   41 0
                 303 1 0 1 1  255   54 0   41 0
                 304 0 0 1 1  255   54 0   41 0
                 305 1 0 1 1  255   54 0   41 0
                 306 0 0 1 1  255   54 0   41 0
                 307 1 0 1 1  255   54 0   41 0
                 308 0 0 1 1  255   54 0   41 0
                 309 1 0 1 1  255   54 0   41 0
                 310 0 0 1 1  255   54 0   41 0
                 311 1 0 1 1  255   54 0   41 0
                 312 0 0 1 1  255   54 0   41 0
                 313 1 0 1 1  255   54 0   41 0
                 314 0 0 1 1  255   54 0   41 0
                 315 1 0 1 1  255   54 0   41 0
                 316 0 0 1 1  255   54 0   41 0
                 317 1 0 1 1  255   54 0   41 0
                 318 0 0 1 1  255   54 0   41 0
                 319 1 0 1 1  255   54 0   41 0
                 320 0 0 1 1  255   54 0   41 0
                 321 1 0 1 1  255   54 0   41 0
                 322 0 0 1 1  255   54 0   41 0
                 323 1 0 1 1  255   54 0   41 0
                 324 0 0 1 1  255   54 0   41 0
                 325 1 0 1 1  255   54 0   41 0
                 326 0 0 1 1  255   54 0   41 0
                 327 1 0 1 1  255   54 0   41 0
                 328 0 0 1 1  255   54 0   41 0
                 329 1 0 1 1  255   54 0   41 0
                 330 0 0 1 1  255   54 0   41 0
                 331 1 0 1 1  255   54 0   41 0
                 332 0 0 1 1  255   54 0   41 0
                 333 1 0 1 1  255   54 0   41 0
                 334 0 0 1 1  255   54 0   41 0
                 335 1 0 1 1  255   54 0   41 0
                 336 0 0 1 1  255   54 0   41 0
                 337 1 0 1 1  255   54 0   41 0
                 338 0 0 1 1  255   54 0   41 0
                 339 1 0 1 1  255   54 0   41 0
                 340 0 0 1 1  255   54 0   41 0
                 341 1 0 1 1  255   54 0   41 0
                 342 0 0 1 1  255   54 0   41 0
                 343 1 0 1 1  255   54 0   41 0
                 344 0 0 1 1  255   54 0   41 0
                 345 1 0 1 1  255   54 0   41 0
                 346 0 0 1 1  255   54 0   41 0
                 347 1 0 1 1  255   54 0   41 0
                 348 0 0 1 1  255   54 0   41 0
                 349 1 0 1 1  255   54 0   41 0
                 350 0 0 1 1  255   54 0   41 0
                 351 1 0 1 1  255   54 0   41 0
                 352 0 0 1 1  255   54 0   41 0
                 353 1 0 1 1  255   54 0   41 0
                 354 0 0 1 1  255   54 0   41 0
                 355 1 0 1 1  255   54 0   41 0
                 356 0 0 1 1  255   54 0   41 0
                 357 1 0 1 1  255   54 0   41 0
                 358 0 0 1 1  255   54 0   41 0
                 359 1 0 1 1  255   54 0   41 0
                 360 0 0 1 1  255   54 0   41 0
                 361 1 0 1 1  255   54 0   41 0
                 362 0 0 1 1  255   54 0   41 0
                 363 1 0 1 1  255   54 0   41 0
                 364 0 0 1 1  255   54 0   41 0
                 365 1 0 1 1  255   54 0   41 0
                 366 0 0 1 1  255   54 0   41 0
                 367 1 0 1 1  255   54 0   41 0
                 368 0 0 1 1  255   54 0   41 0
                 369 1 0 1 1  255   54 0   41 0
                 370 0 0 1 1  255   54 0   41 0
                 371 1 0 1 1  255   54 0   41 0
                 372 0 0 1 1  255   54 0   41 0
                 373 1 0 1 1  255   54 0   41 0
                 374 0 0 1 1  255   54 0   41 0
                 375 1 0 1 1  255   54 0   41 0
                 376 0 0 1 1  255   54 0   41 0
                 377 1 0 1 1  255   54 0   41 0
                 378 0 0 1 1  255   54 0   41 0
                 379 1 0 1 1  255   54 0   41 0
                 380 0 0 1 1  255   54 0   41 0
                 381 1 0 1 1  255   54 0   41 0
                 382 0 0 1 1  255   54 0   41 0
                 383 1 0 1 1  255   54 0   41 0
                 384 0 0 1 1  255   54 0   41 0
                 385 1 0 1 1  255   54 0   41 0
                 386 0 0 1 1  255   54 0   41 0
                 387 1 0 1 1  255   33 1   41 0
                 388 0 0 1 1  255   33 1   41 0
                 389 1 0 1 1  255   33 0   41 0
                 390 0 0 1 1  255   33 0   41 0
                 391 1 0 1 1  383   33 0   41 0
                 392 0 0 1 1  383   33 0   41 0
                 393 1 0 1 1  383   33 0   41 0
                 394 0 0 1 1  383   33 0   41 0
                 395 1 0 1 1  383   33 0   41 0
                 396 0 0 1 1  383   33 0   41 0
                 397 1 0 1 1  383   33 0   41 0
                 398 0 0 1 1  383   33 0   41 0
                 399 1 0 1 1  383   33 0   41 0
                 400 0 0 1 1  383   33 0   41 0
                 401 1 0 1 1  383   33 0   41 0
                 402 0 0 1 1  383   33 0   41 0
                 403 1 0 1 1  383   33 0   41 0
                 404 0 0 1 1  383   33 0   41 0
                 405 1 0 1 1  383   33 0   41 0
                 406 0 0 1 1  383   33 0   41 0
                 407 1 0 1 1  383   33 0   41 0
                 408 0 0 1 1  383   33 0   41 0
                 409 1 0 1 1  383   33 0   41 0
                 410 0 0 1 1  383   33 0   41 0
                 411 1 0 1 1  383   33 0   41 0
                 412 0 0 1 1  383   33 0   41 0
                 413 1 0 1 1  383   33 0   41 0
                 414 0 0 1 1  383   33 0   41 0
                 415 1 0 1 1  383   33 0   41 0
                 416 0 0 1 1  383   33 0   41 0
                 417 1 0 1 1  383   33 0   41 0
                 418 0 0 1 1  383   33 0   41 0
                 419 1 0 1 1  383   33 0   41 0
                 420 0 0 1 1  383   33 0   41 0
                 421 1 0 1 1  383   33 0   41 0
                 422 0 0 1 1  383   33 0   41 0
                 423 1 0 1 1  383   33 0   41 0
                 424 0 0 1 1  383   33 0   41 0
                 425 1 0 1 1  383   33 0   41 0
                 426 0 0 1 1  383   33 0   41 0
                 427 1 0 1 1  383   33 0   41 0
                 428 0 0 1 1  383   33 0   41 0
                 429 1 0 1 1  383   33 0   41 0
                 430 0 0 1 1  383   33 0   41 0
                 431 1 0 1 1  383   33 0   41 0
                 432 0 0 1 1  383   33 0   41 0
                 433 1 0 1 1  383   33 0   41 0
                 434 0 0 1 1  383   33 0   41 0
                 435 1 0 1 1  383   33 0   41 0
                 436 0 0 1 1  383   33 0   41 0
                 437 1 0 1 1  383   33 0   41 0
                 438 0 0 1 1  383   33 0   41 0
                 439 1 0 1 1  383   33 0   41 0
                 440 0 0 1 1  383   33 0   41 0
                 441 1 0 1 1  383   33 0   41 0
                 442 0 0 1 1  383   33 0   41 0
                 443 1 0 1 1  383   33 0   41 0
                 444 0 0 1 1  383   33 0   41 0
                 445 1 0 1 1  383   33 0   41 0
                 446 0 0 1 1  383   33 0   41 0
                 447 1 0 1 1  383   33 0   41 0
                 448 0 0 1 1  383   33 0   41 0
                 449 1 0 1 1  383   33 0   41 0
                 450 0 0 1 1  383   33 0   41 0
                 451 1 0 1 1  383   33 0   41 0
                 452 0 0 1 1  383   33 0   41 0
                 453 1 0 1 1  383   33 0   41 0
                 454 0 0 1 1  383   33 0   41 0
                 455 1 0 1 1  383   33 0   41 0
                 456 0 0 1 1  383   33 0   41 0
                 457 1 0 1 1  383   33 0   41 0
                 458 0 0 1 1  383   33 0   41 0
                 459 1 0 1 1  383   33 0   41 0
                 460 0 0 1 1  383   33 0   41 0
                 461 1 0 1 1  383   33 0   41 0
                 462 0 0 1 1  383   33 0   41 0
                 463 1 0 1 1  383   33 0   41 0
                 464 0 0 1 1  383   33 0   41 0
                 465 1 0 1 1  383   33 0   41 0
                 466 0 0 1 1  383   33 0   41 0
                 467 1 0 1 1  383   33 0   41 0
                 468 0 0 1 1  383   33 0   41 0
                 469 1 0 1 1  383   33 0   41 0
                 470 0 0 1 1  383   33 0   41 0
                 471 1 0 1 1  383   33 0   41 0
                 472 0 0 1 1  383   33 0   41 0
                 473 1 0 1 1  383   33 0   41 0
                 474 0 0 1 1  383   33 0   41 0
                 475 1 0 1 1  383   33 0   41 0
                 476 0 0 1 1  383   33 0   41 0
                 477 1 0 1 1  383   33 0   41 0
                 478 0 0 1 1  383   33 0   41 0
                 479 1 0 1 1  383   33 0   41 0
                 480 0 0 1 1  383   33 0   41 0
                 481 1 0 1 1  383   33 0   41 0
                 482 0 0 1 1  383   33 0   41 0
                 483 1 0 1 1  383   33 0   41 0
                 484 0 0 1 1  383   33 0   41 0
                 485 1 0 1 1  383   33 0   41 0
                 486 0 0 1 1  383   33 0   41 0
                 487 1 0 1 1  383   33 0   41 0
                 488 0 0 1 1  383   33 0   41 0
                 489 1 0 1 1  383   33 0   41 0
                 490 0 0 1 1  383   33 0   41 0
                 491 1 0 1 1  383   33 0   41 0
                 492 0 0 1 1  383   33 0   41 0
                 493 1 0 1 1  383   33 0   41 0
                 494 0 0 1 1  383   33 0   41 0
                 495 1 0 1 1  383   33 0   41 0
                 496 0 0 1 1  383   33 0   41 0
                 497 1 0 1 1  383   33 0   41 0
                 498 0 0 1 1  383   33 0   41 0
                 499 1 0 1 1  383   33 0   41 0
                 500 0 0 1 1  383   33 0   41 0
                 501 1 0 1 1  383   33 0   41 0
                 502 0 0 1 1  383   33 0   41 0
                 503 1 0 1 1  383   33 0   41 0
                 504 0 0 1 1  383   33 0   41 0
                 505 1 0 1 1  383   33 0   41 0
                 506 0 0 1 1  383   33 0   41 0
                 507 1 0 1 1  383   33 0   41 0
                 508 0 0 1 1  383   33 0   41 0
                 509 1 0 1 1  383   33 0   41 0
                 510 0 0 1 1  383   33 0   41 0
                 511 1 0 1 1  383   33 0   41 0
                 512 0 0 1 1  383   33 0   41 0
                 513 1 0 1 1  383   33 0   41 0
                 514 0 0 1 1  383   33 0   41 0
                 515 1 0 1 1  383   33 0   41 0
                 516 0 0 1 1  383   33 0   41 0
                 517 1 0 1 1  383   33 0   41 0
                 518 0 0 1 1  383   33 0   41 0
                 519 1 0 1 1  383   33 0   41 0
                 520 0 0 1 1  383   33 0   41 0
                 521 1 0 1 1  383   33 0   41 0
                 522 0 0 1 1  383   33 0   41 0
                 523 1 0 1 1  383   33 0   41 0
                 524 0 0 1 1  383   33 0   41 0
                 525 1 0 1 1  383   33 0   41 0
                 526 0 0 1 1  383   33 0   41 0
                 527 1 0 1 1  383   33 0   41 0
                 528 0 0 1 1  383   33 0   41 0
                 529 1 0 1 1  383   33 0   41 0
                 530 0 0 1 1  383   33 0   41 0
                 531 1 0 1 1  383   33 0   41 0
                 532 0 0 1 1  383   33 0   41 0
                 533 1 0 1 1  383   33 0   41 0
                 534 0 0 1 1  383   33 0   41 0
                 535 1 0 1 1  383   33 0   41 0
                 536 0 0 1 1  383   33 0   41 0
                 537 1 0 1 1  383   33 0   41 0
                 538 0 0 1 1  383   33 0   41 0
                 539 1 0 1 1  383   33 0   41 0
                 540 0 0 1 1  383   33 0   41 0
                 541 1 0 1 1  383   33 0   41 0
                 542 0 0 1 1  383   33 0   41 0
                 543 1 0 1 1  383   33 0   41 0
                 544 0 0 1 1  383   33 0   41 0
                 545 1 0 1 1  383   33 0   41 0
                 546 0 0 1 1  383   33 0   41 0
                 547 1 0 1 1  383   33 0   41 0
                 548 0 0 1 1  383   33 0   41 0
                 549 1 0 1 1  383   33 0   41 0
                 550 0 0 1 1  383   33 0   41 0
                 551 1 0 1 1  383   33 0   41 0
                 552 0 0 1 1  383   33 0   41 0
                 553 1 0 1 1  383   33 0   41 0
                 554 0 0 1 1  383   33 0   41 0
                 555 1 0 1 1  383   33 0   41 0
                 556 0 0 1 1  383   33 0   41 0
                 557 1 0 1 1  383   33 0   41 0
                 558 0 0 1 1  383   33 0   41 0
                 559 1 0 1 1  383   33 0   41 0
                 560 0 0 1 1  383   33 0   41 0
                 561 1 0 1 1  383   33 0   41 0
                 562 0 0 1 1  383   33 0   41 0
                 563 1 0 1 1  383   33 0   41 0
                 564 0 0 1 1  383   33 0   41 0
                 565 1 0 1 1  383   33 0   41 0
                 566 0 0 1 1  383   33 0   41 0
                 567 1 0 1 1  383   33 0   41 0
                 568 0 0 1 1  383   33 0   41 0
                 569 1 0 1 1  383   42 1   41 0
                 570 0 0 1 1  383   42 1   41 0
                 571 1 0 1 1  383   42 0   41 1
                 572 0 0 1 1  383   42 0   41 1
                 573 1 0 1 1  383   42 0   41 1
                 574 0 0 1 1  383   42 0   41 1
                 575 1 0 1 1  383   42 0   41 1
                 576 0 0 1 1  383   42 0   41 1
                 577 1 1 1 1  383    Z 0   41 0
                 578 0 1 1 1  383    Z 0   41 0
                 579 1 1 1 1  511    Z 0   41 0
                 580 0 1 1 1  511    Z 0   41 0
                 581 1 1 1 1  511    Z 0   41 0
                 582 0 0 1 1  511    Z 0   95 0
                 583 1 0 1 1  511    Z 0   95 0
                 584 0 0 1 1  511    Z 0   95 0
                 585 1 0 1 1  511    Z 0   95 0
                 586 0 0 1 1  511    Z 0   95 0
                 587 1 0 1 1  511    Z 0   95 0
                 588 0 0 1 1  511    Z 0   95 0
                 589 1 0 1 1  511    Z 0   95 0
                 590 0 0 1 1  511    Z 0   95 0
                 591 1 0 1 1  511    Z 0   95 0
                 592 0 0 1 1  511    Z 0   95 0
                 593 1 0 1 1  511    Z 0   95 0
                 594 0 0 1 1  511    Z 0   95 0
                 595 1 0 1 1  511    Z 0   95 0
                 596 0 0 1 1  511    Z 0   95 0
                 597 1 0 1 1  511    Z 0   95 0
                 598 0 0 1 1  511    Z 0   95 0
                 599 1 0 1 1  511    Z 0   95 0
                 600 0 0 1 1  511    Z 0   95 0
                 601 1 0 1 1  511    Z 0   95 0
                 602 0 0 1 1  511    Z 0   95 0
                 603 1 0 1 1  511    Z 0   95 0
                 604 0 0 1 1  511    Z 0   95 0
                 605 1 0 1 1  511    Z 0   95 0
                 606 0 0 1 1  511    Z 0   95 0
                 607 1 0 1 1  511    Z 0   95 0
                 608 0 0 1 1  511    Z 0   95 0
                 609 1 0 1 1  511    Z 0   95 0
                 610 0 0 1 1  511    Z 0   95 0
                 611 1 0 1 1  511    Z 0   95 0
                 612 0 0 1 1  511    Z 0   95 0
                 613 1 0 1 1  511    Z 0   95 0
                 614 0 0 1 1  511    Z 0   95 0
                 615 1 0 1 1  511    Z 0   95 0
                 616 0 0 1 1  511    Z 0   95 0
                 617 1 0 1 1  511    Z 0   95 0
                 618 0 0 1 1  511    Z 0   95 0
                 619 1 0 1 1  511    Z 0   95 0
                 620 0 0 1 1  511    Z 0   95 0
                 621 1 0 1 1  511    Z 0   95 0
                 622 0 0 1 1  511    Z 0   95 0
                 623 1 0 1 1  511    Z 0   95 0
                 624 0 0 1 1  511    Z 0   95 0
                 625 1 0 1 1  511    Z 0   95 0
                 626 0 0 1 1  511    Z 0   95 0
                 627 1 0 1 1  511    Z 0   95 0
                 628 0 0 1 1  511    Z 0   95 0
                 629 1 0 1 1  511    Z 0   95 0
                 630 0 0 1 1  511    Z 0   95 0
                 631 1 0 1 1  511    Z 0   95 0
                 632 0 0 1 1  511    Z 0   95 0
                 633 1 0 1 1  511    Z 0   95 0
                 634 0 0 1 1  511    Z 0   95 0
                 635 1 0 1 1  511    Z 0   95 0
                 636 0 0 1 1  511    Z 0   95 0
                 637 1 0 1 1  511    Z 0   95 0
                 638 0 0 1 1  511    Z 0   95 0
                 639 1 0 1 1  511    Z 0   95 0
                 640 0 0 1 1  511    Z 0   95 0
                 641 1 0 1 1  511    Z 0   95 0
                 642 0 0 1 1  511    Z 0   95 0
                 643 1 0 1 1  511    Z 0   95 0
                 644 0 0 1 1  511    Z 0   95 0
                 645 1 0 1 1  511    Z 0   95 0
                 646 0 0 1 1  511    Z 0   95 0
                 647 1 0 1 1  511    Z 0   95 0
                 648 0 0 1 1  511    Z 0   95 0
                 649 1 0 1 1  511    Z 0   95 0
                 650 0 0 1 1  511    Z 0   95 0
                 651 1 0 1 1  511    Z 0   95 0
                 652 0 0 1 1  511    Z 0   95 0
                 653 1 0 1 1  511    Z 0   95 0
                 654 0 0 1 1  511    Z 0   95 0
                 655 1 0 1 1  511    Z 0   95 0
                 656 0 0 1 1  511    Z 0   95 0
                 657 1 0 1 1  511    Z 0   95 0
                 658 0 0 1 1  511    Z 0   95 0
                 659 1 0 1 1  511    Z 0   95 0
                 660 0 0 1 1  511    Z 0   95 0
                 661 1 0 1 1  511    Z 0   95 0
                 662 0 0 1 1  511    Z 0   95 0
                 663 1 0 1 1  511    Z 0   95 0
                 664 0 0 1 1  511    Z 0   95 0
                 665 1 0 1 1  511    Z 0   95 0
                 666 0 0 1 1  511    Z 0   95 0
                 667 1 0 1 1  511    Z 0   95 0
                 668 0 0 1 1  511    Z 0   95 0
                 669 1 0 1 1  511    Z 0   95 0
                 670 0 0 1 1  511    Z 0   95 0
                 671 1 0 1 1  511    Z 0   95 0
                 672 0 0 1 1  511    Z 0   95 0
                 673 1 0 1 1  511    Z 0   95 0
                 674 0 0 1 1  511    Z 0   95 0
                 675 1 0 1 1  511    Z 0   95 0
                 676 0 0 1 1  511    Z 0   95 0
                 677 1 0 1 1  511    Z 0   95 0
                 678 0 0 1 1  511    Z 0   95 0
                 679 1 0 1 1  511    Z 0   95 0
                 680 0 0 1 1  511    Z 0   95 0
                 681 1 0 1 1  511    Z 0   95 0
                 682 0 0 1 1  511    Z 0   95 0
                 683 1 0 1 1  511    Z 0   95 0
                 684 0 0 1 1  511    Z 0   95 0
                 685 1 0 1 1  511    Z 0   95 0
                 686 0 0 1 1  511    Z 0   95 0
                 687 1 0 1 1  511    Z 0   95 0
                 688 0 0 1 1  511    Z 0   95 0
                 689 1 0 1 1  511    Z 0   95 0
                 690 0 0 1 1  511    Z 0   95 0
                 691 1 0 1 1  511    Z 0   95 0
                 692 0 0 1 1  511    Z 0   95 0
                 693 1 0 1 1  511    Z 0   95 0
                 694 0 0 1 1  511    Z 0   95 0
                 695 1 0 1 1  511    Z 0   95 0
                 696 0 0 1 1  511    Z 0   95 0
                 697 1 0 1 1  511    Z 0   95 0
                 698 0 0 1 1  511    Z 0   95 0
                 699 1 0 1 1  511    Z 0   95 0
                 700 0 0 1 1  511    Z 0   95 0
                 701 1 0 1 1  511    Z 0   95 0
                 702 0 0 1 1  511    Z 0   95 0
                 703 1 0 1 1  511    Z 0   95 0
                 704 0 0 1 1  511    Z 0   95 0
                 705 1 0 1 1  511    Z 0   95 0
                 706 0 0 1 1  511    Z 0   95 0
                 707 1 0 1 1  511    Z 0   95 0
                 708 0 0 1 1  511    Z 0   95 0
                 709 1 0 1 1  511    Z 0   95 0
                 710 0 0 1 1  511    Z 0   95 0
                 711 1 0 1 1  511    Z 0   95 0
                 712 0 0 1 1  511    Z 0   95 0
                 713 1 0 1 1  511    Z 0   95 0
                 714 0 0 1 1  511    Z 0   95 0
                 715 1 0 1 1  511    Z 0   95 0
                 716 0 0 1 1  511    Z 0   95 0
                 717 1 0 1 1  511    Z 0   95 0
                 718 0 0 1 1  511    Z 0   95 0
                 719 1 0 1 1  511    Z 0   95 0
                 720 0 0 1 1  511    Z 0   95 0
                 721 1 0 1 1  511    Z 0   95 0
                 722 0 0 1 1  511    Z 0   95 0
                 723 1 0 1 1  511    Z 0   95 0
                 724 0 0 1 1  511    Z 0   95 0
                 725 1 0 1 1  511    Z 0   95 0
                 726 0 0 1 1  511    Z 0   95 0
                 727 1 0 1 1  511    Z 0   95 0
                 728 0 0 1 1  511    Z 0   95 0
                 729 1 0 1 1  511    Z 0   95 0
                 730 0 0 1 1  511    Z 0   95 0
                 731 1 0 1 1  511    Z 0   95 0
                 732 0 0 1 1  511    Z 0   95 0
                 733 1 0 1 1  511    Z 0   95 0
                 734 0 0 1 1  511    Z 0   95 0
                 735 1 0 1 1  511    Z 0   95 0
                 736 0 0 1 1  511    Z 0   95 0
                 737 1 0 1 1  511    Z 0   95 0
                 738 0 0 1 1  511    Z 0   95 0
                 739 1 0 1 1  511    Z 0   95 0
                 740 0 0 1 1  511    Z 0   95 0
                 741 1 0 1 1  511    Z 0   95 0
                 742 0 0 1 1  511    Z 0   95 0
                 743 1 0 1 1  511    Z 0   95 0
                 744 0 0 1 1  511    Z 0   95 0
                 745 1 0 1 1  511    Z 0   95 0
                 746 0 0 1 1  511    Z 0   95 0
                 747 1 0 1 1  511    Z 0   95 0
                 748 0 0 1 1  511    Z 0   95 0
                 749 1 0 1 1  511    Z 0   95 0
                 750 0 0 1 1  511    Z 0   95 0
                 751 1 0 1 1  511    Z 0   95 0
                 752 0 0 1 1  511    Z 0   95 0
                 753 1 0 1 1  511    Z 0   95 0
                 754 0 0 1 1  511    Z 0   95 0
                 755 1 0 1 1  511    Z 0   95 0
                 756 0 0 1 1  511    Z 0   95 0
                 757 1 0 1 1  511    Z 0   95 0
                 758 0 0 1 1  511    Z 0   95 0
                 759 1 0 1 1  511    Z 0   95 0
                 760 0 0 1 1  511    Z 0   95 0
                 761 1 0 1 1  511    Z 0   95 0
                 762 0 0 1 1  511    Z 0   95 0
                 763 1 0 1 1  511    Z 0   95 0
                 764 0 0 1 1  511    Z 0   95 0
                 765 1 0 1 1  511    Z 0   95 0
                 766 0 0 1 1  511    Z 0   95 0
                 767 1 0 1 1  511    Z 0   95 0
                 768 0 0 1 1  511    Z 0   95 0
                 769 1 0 1 1  511    Z 0   95 0
                 770 0 0 1 1  511    Z 0   95 0
                 771 1 0 1 1  511    Z 0   95 0
                 772 0 0 1 1  511    Z 0   95 0
                 773 1 0 1 1  511    Z 0   95 0
                 774 0 0 1 1  511    Z 0   95 0
                 775 1 0 1 1  511    Z 0   95 0
                 776 0 0 1 1  511    Z 0   95 0
                 777 1 0 1 1  511    Z 0   95 0
                 778 0 0 1 1  511    Z 0   95 0
                 779 1 0 1 1  511    Z 0   95 0
                 780 0 0 1 1  511    Z 0   95 0
                 781 1 0 1 1  511    Z 0   95 0
                 782 0 0 1 1  511    Z 0   95 0
                 783 1 0 1 1  511    Z 0   95 0
                 784 0 0 1 1  511    Z 0   95 0
                 785 1 0 1 1  511    Z 0   95 0
                 786 0 0 1 1  511    Z 0   95 0
                 787 1 0 1 1  511    Z 0   95 0
                 788 0 0 1 1  511    Z 0   95 0
                 789 1 0 1 1  511    Z 0   95 0
                 790 0 0 1 1  511    Z 0   95 0
                 791 1 0 1 1  511    Z 0   95 0
                 792 0 0 1 1  511    Z 0   95 0
                 793 1 0 1 1  511    Z 0   95 0
                 794 0 0 1 1  511    Z 0   95 0
                 795 1 0 1 1  511    Z 0   95 0
                 796 0 0 1 1  511    Z 0   95 0
                 797 1 0 1 1  511    Z 0   95 0
                 798 0 0 1 1  511    Z 0   95 0
                 799 1 0 1 1  511    Z 0   95 0
                 800 0 0 1 1  511    Z 0   95 0
                 801 1 0 1 1  511    Z 0   95 0
                 802 0 0 1 1  511    Z 0   95 0
                 803 1 0 1 1  511    Z 0   95 0
                 804 0 0 1 1  511    Z 0   95 0
                 805 1 0 1 1  511   54 1   95 0
                 806 0 0 1 1  511   54 1   95 0
                 807 1 0 1 1  511   54 0   95 0
                 808 0 0 1 1  511   54 0   95 0
                 809 1 0 1 1  767   54 0   95 0
                 810 0 0 1 1  767   54 0   95 0
                 811 1 0 1 1  767   54 0   95 0
                 812 0 0 1 1  767   54 0   95 0
                 813 1 0 1 1  767   54 0   95 0
                 814 0 0 1 1  767   54 0   95 0
                 815 1 0 1 1  767   54 0   95 0
                 816 0 0 1 1  767   54 0   95 0
                 817 1 0 1 1  767   54 0   95 0
                 818 0 0 1 1  767   54 0   95 0
                 819 1 0 1 1  767   54 0   95 0
                 820 0 0 1 1  767   54 0   95 0
                 821 1 0 1 1  767   54 0   95 0
                 822 0 0 1 1  767   54 0   95 0
                 823 1 0 1 1  767   54 0   95 0
                 824 0 0 1 1  767   54 0   95 0
                 825 1 0 1 1  767   54 0   95 0
                 826 0 0 1 1  767   54 0   95 0
                 827 1 0 1 1  767   54 0   95 0
                 828 0 0 1 1  767   54 0   95 0
                 829 1 0 1 1  767   54 0   95 0
                 830 0 0 1 1  767   54 0   95 0
                 831 1 0 1 1  767   54 0   95 0
                 832 0 0 1 1  767   54 0   95 0
                 833 1 0 1 1  767   54 0   95 0
                 834 0 0 1 1  767   54 0   95 0
                 835 1 0 1 1  767   54 0   95 0
                 836 0 0 1 1  767   54 0   95 0
                 837 1 0 1 1  767   54 0   95 0
                 838 0 0 1 1  767   54 0   95 0
                 839 1 0 1 1  767   54 0   95 0
                 840 0 0 1 1  767   54 0   95 0
                 841 1 0 1 1  767   54 0   95 0
                 842 0 0 1 1  767   54 0   95 0
                 843 1 0 1 1  767   54 0   95 0
                 844 0 0 1 1  767   54 0   95 0
                 845 1 0 1 1  767   54 0   95 0
                 846 0 0 1 1  767   54 0   95 0
                 847 1 0 1 1  767   54 0   95 0
                 848 0 0 1 1  767   54 0   95 0
                 849 1 0 1 1  767   54 0   95 0
                 850 0 0 1 1  767   54 0   95 0
                 851 1 0 1 1  767   54 0   95 0
                 852 0 0 1 1  767   54 0   95 0
                 853 1 0 1 1  767   54 0   95 0
                 854 0 0 1 1  767   54 0   95 0
                 855 1 0 1 1  767   54 0   95 0
                 856 0 0 1 1  767   54 0   95 0
                 857 1 0 1 1  767   54 0   95 0
                 858 0 0 1 1  767   54 0   95 0
                 859 1 0 1 1  767   54 0   95 0
                 860 0 0 1 1  767   54 0   95 0
                 861 1 0 1 1  767   54 0   95 0
                 862 0 0 1 1  767   54 0   95 0
                 863 1 0 1 1  767   54 0   95 0
                 864 0 0 1 1  767   54 0   95 0
                 865 1 0 1 1  767   54 0   95 0
                 866 0 0 1 1  767   54 0   95 0
                 867 1 0 1 1  767   54 0   95 0
                 868 0 0 1 1  767   54 0   95 0
                 869 1 0 1 1  767   54 0   95 0
                 870 0 0 1 1  767   54 0   95 0
                 871 1 0 1 1  767   54 0   95 0
                 872 0 0 1 1  767   54 0   95 0
                 873 1 0 1 1  767   54 0   95 0
                 874 0 0 1 1  767   54 0   95 0
                 875 1 0 1 1  767   54 0   95 0
                 876 0 0 1 1  767   54 0   95 0
                 877 1 0 1 1  767   54 0   95 0
                 878 0 0 1 1  767   54 0   95 0
                 879 1 0 1 1  767   54 0   95 0
                 880 0 0 1 1  767   54 0   95 0
                 881 1 0 1 1  767   54 0   95 0
                 882 0 0 1 1  767   54 0   95 0
                 883 1 0 1 1  767   54 0   95 0
                 884 0 0 1 1  767   54 0   95 0
                 885 1 0 1 1  767   54 0   95 0
                 886 0 0 1 1  767   54 0   95 0
                 887 1 0 1 1  767   54 0   95 0
                 888 0 0 1 1  767   54 0   95 0
                 889 1 0 1 1  767   54 0   95 0
                 890 0 0 1 1  767   54 0   95 0
                 891 1 0 1 1  767   54 0   95 0
                 892 0 0 1 1  767   54 0   95 0
                 893 1 0 1 1  767   54 0   95 0
                 894 0 0 1 1  767   54 0   95 0
                 895 1 0 1 1  767   54 0   95 0
                 896 0 0 1 1  767   54 0   95 0
                 897 1 0 1 1  767   54 0   95 0
                 898 0 0 1 1  767   54 0   95 0
                 899 1 0 1 1  767   54 0   95 0
                 900 0 0 1 1  767   54 0   95 0
                 901 1 0 1 1  767   54 0   95 0
                 902 0 0 1 1  767   54 0   95 0
                 903 1 0 1 1  767   54 0   95 0
                 904 0 0 1 1  767   54 0   95 0
                 905 1 0 1 1  767   54 0   95 0
                 906 0 0 1 1  767   54 0   95 0
                 907 1 0 1 1  767   54 0   95 0
                 908 0 0 1 1  767   54 0   95 0
                 909 1 0 1 1  767   54 0   95 0
                 910 0 0 1 1  767   54 0   95 0
                 911 1 0 1 1  767   54 0   95 0
                 912 0 0 1 1  767   54 0   95 0
                 913 1 0 1 1  767   54 0   95 0
                 914 0 0 1 1  767   54 0   95 0
                 915 1 0 1 1  767   54 0   95 0
                 916 0 0 1 1  767   54 0   95 0
                 917 1 0 1 1  767   54 0   95 0
                 918 0 0 1 1  767   54 0   95 0
                 919 1 0 1 1  767   54 0   95 0
                 920 0 0 1 1  767   54 0   95 0
                 921 1 0 1 1  767   54 0   95 0
                 922 0 0 1 1  767   54 0   95 0
                 923 1 0 1 1  767   54 0   95 0
                 924 0 0 1 1  767   54 0   95 0
                 925 1 0 1 1  767   54 0   95 0
                 926 0 0 1 1  767   54 0   95 0
                 927 1 0 1 1  767   54 0   95 0
                 928 0 0 1 1  767   54 0   95 0
                 929 1 0 1 1  767   54 0   95 0
                 930 0 0 1 1  767   54 0   95 0
                 931 1 0 1 1  767   54 0   95 0
                 932 0 0 1 1  767   54 0   95 0
                 933 1 0 1 1  767   54 0   95 0
                 934 0 0 1 1  767   54 0   95 0
                 935 1 0 1 1  767   54 0   95 0
                 936 0 0 1 1  767   54 0   95 0
                 937 1 0 1 1  767   54 0   95 0
                 938 0 0 1 1  767   54 0   95 0
                 939 1 0 1 1  767   54 0   95 0
                 940 0 0 1 1  767   54 0   95 0
                 941 1 0 1 1  767   54 0   95 0
                 942 0 0 1 1  767   54 0   95 0
                 943 1 0 1 1  767   54 0   95 0
                 944 0 0 1 1  767   54 0   95 0
                 945 1 0 1 1  767   54 0   95 0
                 946 0 0 1 1  767   54 0   95 0
                 947 1 0 1 1  767   54 0   95 0
                 948 0 0 1 1  767   54 0   95 0
                 949 1 0 1 1  767   54 0   95 0
                 950 0 0 1 1  767   54 0   95 0
                 951 1 0 1 1  767   54 0   95 0
                 952 0 0 1 1  767   54 0   95 0
                 953 1 0 1 1  767   54 0   95 0
                 954 0 0 1 1  767   54 0   95 0
                 955 1 0 1 1  767   54 0   95 0
                 956 0 0 1 1  767   54 0   95 0
                 957 1 0 1 1  767   54 0   95 0
                 958 0 0 1 1  767   54 0   95 0
                 959 1 0 1 1  767   54 0   95 0
                 960 0 0 1 1  767   54 0   95 0
                 961 1 0 1 1  767   54 0   95 0
                 962 0 0 1 1  767   54 0   95 0
                 963 1 0 1 1  767   54 0   95 0
                 964 0 0 1 1  767   54 0   95 0
                 965 1 0 1 1  767   54 0   95 0
                 966 0 0 1 1  767   54 0   95 0
                 967 1 0 1 1  767   54 0   95 0
                 968 0 0 1 1  767   54 0   95 0
                 969 1 0 1 1  767   54 0   95 0
                 970 0 0 1 1  767   54 0   95 0
                 971 1 0 1 1  767   54 0   95 0
                 972 0 0 1 1  767   54 0   95 0
                 973 1 0 1 1  767   54 0   95 0
                 974 0 0 1 1  767   54 0   95 0
                 975 1 0 1 1  767   54 0   95 0
                 976 0 0 1 1  767   54 0   95 0
                 977 1 0 1 1  767   54 0   95 0
                 978 0 0 1 1  767   54 0   95 0
                 979 1 0 1 1  767   54 0   95 0
                 980 0 0 1 1  767   54 0   95 0
                 981 1 0 1 1  767   54 0   95 0
                 982 0 0 1 1  767   54 0   95 0
                 983 1 0 1 1  767   54 0   95 0
                 984 0 0 1 1  767   54 0   95 0
                 985 1 0 1 1  767   54 0   95 0
                 986 0 0 1 1  767   54 0   95 0
                 987 1 0 1 1  767   54 0   95 0
                 988 0 0 1 1  767   54 0   95 0
                 989 1 0 1 1  767   54 0   95 0
                 990 0 0 1 1  767   54 0   95 0
                 991 1 0 1 1  767   54 0   95 0
                 992 0 0 1 1  767   54 0   95 0
                 993 1 0 1 1  767   54 0   95 0
                 994 0 0 1 1  767   54 0   95 0
                 995 1 0 1 1  767   54 0   95 0
                 996 0 0 1 1  767   54 0   95 0
                 997 1 0 1 1  767   54 0   95 0
                 998 0 0 1 1  767   54 0   95 0
                 999 1 0 1 1  767   54 0   95 0
                1000 0 0 1 1  767   54 0   95 0
                1001 1 0 1 1  767   54 0   95 0
                1002 0 0 1 1  767   54 0   95 0
                1003 1 0 1 1  767   54 0   95 0
                1004 0 0 1 1  767   54 0   95 0
                1005 1 0 1 1  767   54 0   95 0
                1006 0 0 1 1  767   54 0   95 0
                1007 1 0 1 1  767   54 0   95 0
                1008 0 0 1 1  767   54 0   95 0
                1009 1 0 1 1  767   54 0   95 0
                1010 0 0 1 1  767   54 0   95 0
                1011 1 0 1 1  767   54 0   95 0
                1012 0 0 1 1  767   54 0   95 0
                1013 1 0 1 1  767   54 0   95 0
                1014 0 0 1 1  767   54 0   95 0
                1015 1 0 1 1  767   54 0   95 0
                1016 0 0 1 1  767   54 0   95 0
                1017 1 0 1 1  767   54 0   95 0
                1018 0 0 1 1  767   54 0   95 0
                1019 1 0 1 1  767   54 0   95 0
                1020 0 0 1 1  767   54 0   95 0
                1021 1 0 1 1  767   54 0   95 0
                1022 0 0 1 1  767   54 0   95 0
                1023 1 0 1 1  767   54 0   95 0
                1024 0 0 1 1  767   54 0   95 0
                1025 1 0 1 1  767   54 0   95 0
                1026 0 0 1 1  767   54 0   95 0
                1027 1 0 1 1  767   54 0   95 0
                1028 0 0 1 1  767   54 0   95 0
                1029 1 0 1 1  767   54 0   95 0
                1030 0 0 1 1  767   54 0   95 0
                1031 1 0 1 1  767   54 0   95 0
                1032 0 0 1 1  767   54 0   95 0
                1033 1 0 1 1  767   54 0   95 0
                1034 0 0 1 1  767   54 0   95 0
                1035 1 0 1 1  767   54 0   95 0
                1036 0 0 1 1  767   54 0   95 0
                1037 1 0 1 1  767   54 0   95 0
                1038 0 0 1 1  767   54 0   95 0
                1039 1 0 1 1  767   54 0   95 0
                1040 0 0 1 1  767   54 0   95 0
                1041 1 0 1 1  767   54 0   95 0
                1042 0 0 1 1  767   54 0   95 0
                1043 1 0 1 1  767   54 0   95 0
                1044 0 0 1 1  767   54 0   95 0
                1045 1 0 1 1  767   54 0   95 0
                1046 0 0 1 1  767   54 0   95 0
                1047 1 0 1 1  767   54 0   95 0
                1048 0 0 1 1  767   54 0   95 0
                1049 1 0 1 1  767   54 0   95 0
                1050 0 0 1 1  767   54 0   95 0
                1051 1 0 1 1  767   54 0   95 0
                1052 0 0 1 1  767   54 0   95 0
                1053 1 0 1 1  767   54 0   95 0
                1054 0 0 1 1  767   54 0   95 0
                1055 1 0 1 1  767   54 0   95 0
                1056 0 0 1 1  767   54 0   95 0
                1057 1 0 1 1  767   54 0   95 0
                1058 0 0 1 1  767   54 0   95 0
                1059 1 0 1 1  767   54 0   95 0
                1060 0 0 1 1  767   54 0   95 0
                1061 1 0 1 1  767   54 0   95 0
                1062 0 0 1 1  767   54 0   95 0
                1063 1 0 1 1  767   54 0   95 0
                1064 0 0 1 1  767   54 0   95 0
                1065 1 0 1 1  767   54 0   95 0
                1066 0 0 1 1  767   54 0   95 0
                1067 1 0 1 1  767   54 0   95 0
                1068 0 0 1 1  767   54 0   95 0
                1069 1 0 1 1  767   54 0   95 0
                1070 0 0 1 1  767   54 0   95 0
                1071 1 0 1 1  767   54 0   95 0
                1072 0 0 1 1  767   54 0   95 0
                1073 1 0 1 1  767   54 0   95 0
                1074 0 0 1 1  767   54 0   95 0
                1075 1 0 1 1  767   54 0   95 0
                1076 0 0 1 1  767   54 0   95 0
                1077 1 0 1 1  767   54 0   95 0
                1078 0 0 1 1  767   54 0   95 0
                1079 1 0 1 1  767   54 0   95 0
                1080 0 0 1 1  767   54 0   95 0
                1081 1 0 1 1  767   54 0   95 0
                1082 0 0 1 1  767   54 0   95 0
                1083 1 0 1 1  767   54 0   95 0
                1084 0 0 1 1  767   54 0   95 0
                1085 1 0 1 1  767   54 0   95 0
                1086 0 0 1 1  767   54 0   95 0
                1087 1 0 1 1  767   54 0   95 0
                1088 0 0 1 1  767   54 0   95 0
                1089 1 0 1 1  767   54 0   95 0
                1090 0 0 1 1  767   54 0   95 0
                1091 1 0 1 1  767   54 0   95 0
                1092 0 0 1 1  767   54 0   95 0
                1093 1 0 1 1  767   54 0   95 0
                1094 0 0 1 1  767   54 0   95 0
                1095 1 0 1 1  767   54 0   95 0
                1096 0 0 1 1  767   54 0   95 0
                1097 1 0 1 1  767   54 0   95 0
                1098 0 0 1 1  767   54 0   95 0
                1099 1 0 1 1  767   54 0   95 0
                1100 0 0 1 1  767   54 0   95 0
                1101 1 0 1 1  767   54 0   95 0
                1102 0 0 1 1  767   54 0   95 0
                1103 1 0 1 1  767   54 0   95 0
                1104 0 0 1 1  767   54 0   95 0
                1105 1 0 1 1  767   54 0   95 0
                1106 0 0 1 1  767   54 0   95 0
                1107 1 0 1 1  767   54 0   95 0
                1108 0 0 1 1  767   54 0   95 0
                1109 1 0 1 1  767   54 0   95 0
                1110 0 0 1 1  767   54 0   95 0
                1111 1 0 1 1  767   54 0   95 0
                1112 0 0 1 1  767   54 0   95 0
                1113 1 0 1 1  767   54 0   95 0
                1114 0 0 1 1  767   54 0   95 0
                1115 1 0 1 1  767   54 0   95 0
                1116 0 0 1 1  767   54 0   95 0
                1117 1 0 1 1  767   54 0   95 0
                1118 0 0 1 1  767   54 0   95 0
                1119 1 0 1 1  767   54 0   95 0
                1120 0 0 1 1  767   54 0   95 0
                1121 1 0 1 1  767   54 0   95 0
                1122 0 0 1 1  767   54 0   95 0
                1123 1 0 1 1  767   54 0   95 0
                1124 0 0 1 1  767   54 0   95 0
                1125 1 0 1 1  767   54 0   95 0
                1126 0 0 1 1  767   54 0   95 0
                1127 1 0 1 1  767   54 0   95 0
                1128 0 0 1 1  767   54 0   95 0
                1129 1 0 1 1  767   54 0   95 0
                1130 0 0 1 1  767   54 0   95 0
                1131 1 0 1 1  767   54 0   95 0
                1132 0 0 1 1  767   54 0   95 0
                1133 1 0 1 1  767   54 0   95 0
                1134 0 0 1 1  767   54 0   95 0
                1135 1 0 1 1  767   54 0   95 0
                1136 0 0 1 1  767   54 0   95 0
                1137 1 0 1 1  767   54 0   95 0
                1138 0 0 1 1  767   54 0   95 0
                1139 1 0 1 1  767   54 0   95 0
                1140 0 0 1 1  767   54 0   95 0
                1141 1 0 1 1  767   54 0   95 0
                1142 0 0 1 1  767   54 0   95 0
                1143 1 0 1 1  767   54 0   95 0
                1144 0 0 1 1  767   54 0   95 0
                1145 1 0 1 1  767   54 0   95 0
                1146 0 0 1 1  767   54 0   95 0
                1147 1 0 1 1  767   54 0   95 0
                1148 0 0 1 1  767   54 0   95 0
                1149 1 0 1 1  767   54 0   95 0
                1150 0 0 1 1  767   54 0   95 0
                1151 1 0 1 1  767   54 0   95 0
                1152 0 0 1 1  767   54 0   95 0
                1153 1 0 1 1  767   54 0   95 0
                1154 0 0 1 1  767   54 0   95 0
                1155 1 0 1 1  767   54 0   95 0
                1156 0 0 1 1  767   54 0   95 0
                1157 1 0 1 1  767   54 0   95 0
                1158 0 0 1 1  767   54 0   95 0
                1159 1 0 1 1  767   54 0   95 0
                1160 0 0 1 1  767   54 0   95 0
                1161 1 0 1 1  767   54 0   95 0
                1162 0 0 1 1  767   54 0   95 0
                1163 1 0 1 1  767   54 0   95 0
                1164 0 0 1 1  767   54 0   95 0
                1165 1 0 1 1  767   54 0   95 0
                1166 0 0 1 1  767   54 0   95 0
                1167 1 0 1 1  767   54 0   95 0
                1168 0 0 1 1  767   54 0   95 0
                1169 1 0 1 1  767   54 0   95 0
                1170 0 0 1 1  767   54 0   95 0
                1171 1 0 1 1  767   54 0   95 0
                1172 0 0 1 1  767   54 0   95 0
                1173 1 0 1 1  767   54 0   95 0
                1174 0 0 1 1  767   54 0   95 0
                1175 1 0 1 1  767   54 0   95 0
                1176 0 0 1 1  767   54 0   95 0
                1177 1 0 1 1  767   54 0   95 0
                1178 0 0 1 1  767   54 0   95 0
                1179 1 0 1 1  767   54 0   95 0
                1180 0 0 1 1  767   54 0   95 0
                1181 1 0 1 1  767   54 0   95 0
                1182 0 0 1 1  767   54 0   95 0
                1183 1 0 1 1  767   54 0   95 0
                1184 0 0 1 1  767   54 0   95 0
                1185 1 0 1 1  767   54 0   95 0
                1186 0 0 1 1  767   54 0   95 0
                1187 1 0 1 1  767   54 0   95 0
                1188 0 0 1 1  767   54 0   95 0
                1189 1 0 1 1  767   54 0   95 0
                1190 0 0 1 1  767   54 0   95 0
                1191 1 0 1 1  767   54 0   95 0
                1192 0 0 1 1  767   54 0   95 0
                1193 1 0 1 1  767   54 0   95 0
                1194 0 0 1 1  767   54 0   95 0
                1195 1 0 1 1  767   54 0   95 0
                1196 0 0 1 1  767   54 0   95 0
                1197 1 0 1 1  767   54 0   95 0
                1198 0 0 1 1  767   54 0   95 0
                1199 1 0 1 1  767   54 0   95 0
                1200 0 0 1 1  767   54 0   95 0
                1201 1 0 1 1  767   54 0   95 0
                1202 0 0 1 1  767   54 0   95 0
                1203 1 0 1 1  767   54 0   95 0
                1204 0 0 1 1  767   54 0   95 0
                1205 1 0 1 1  767   54 0   95 0
                1206 0 0 1 1  767   54 0   95 0
                1207 1 0 1 1  767   54 0   95 0
                1208 0 0 1 1  767   54 0   95 0
                1209 1 0 1 1  767   54 0   95 0
                1210 0 0 1 1  767   54 0   95 0
                1211 1 0 1 1  767   54 0   95 0
                1212 0 0 1 1  767   54 0   95 0
                1213 1 0 1 1  767   54 0   95 0
                1214 0 0 1 1  767   54 0   95 0
                1215 1 0 1 1  767   99 1   95 0
                1216 0 0 1 1  767   99 1   95 0
                1217 1 0 1 1  767   99 0   95 1
                1218 0 0 1 1  767   99 0   95 1
                1219 1 0 1 1  767   99 0   95 1
                1220 0 0 1 1  767   99 0   95 1
                1221 1 0 1 1  767   99 0   95 1
                1222 0 0 1 1  767   99 0   95 1
                1223 1 1 1 1  767    Z 0   95 0
                1224 0 1 1 1  767    Z 0   95 0
                1225 1 1 1 1  511    Z 0   95 0
                1226 0 1 1 1  511    Z 0   95 0
                1227 1 1 1 1  511    Z 0   95 0
                1228 0 0 1 1  511    Z 0   95 0
                1229 1 0 1 1  511    Z 0   95 0
                1230 0 0 1 1  511    Z 0   95 0
                1231 1 0 1 1  511    Z 0   95 0
                1232 0 0 1 1  511    Z 0   95 0
                1233 1 0 1 1  511    Z 0   95 0
                1234 0 0 1 1  511    Z 0   95 0
                1235 1 0 1 1  511    Z 0   95 0
                1236 0 0 1 1  511    Z 0   95 0
                1237 1 0 1 1  511    Z 0   95 0
                1238 0 0 1 1  511    Z 0   95 0
                1239 1 0 1 1  511    Z 0   95 0
                1240 0 0 1 1  511    Z 0   95 0
                1241 1 0 1 1  511    Z 0   95 0
                1242 0 0 1 1  511    Z 0   95 0
                1243 1 0 1 1  511    Z 0   95 0
                1244 0 0 1 1  511    Z 0   95 0
                1245 1 0 1 1  511    Z 0   95 0
                1246 0 0 1 1  511    Z 0   95 0
                1247 1 0 1 1  511    Z 0   95 0
                1248 0 0 1 1  511    Z 0   95 0
                1249 1 0 1 1  511    Z 0   95 0
                1250 0 0 1 1  511    Z 0   95 0
                1251 1 0 1 1  511    Z 0   95 0
                1252 0 0 1 1  511    Z 0   95 0
                1253 1 0 1 1  511    Z 0   95 0
                1254 0 0 1 1  511    Z 0   95 0
                1255 1 0 1 1  511    Z 0   95 0
                1256 0 0 1 1  511    Z 0   95 0
                1257 1 0 1 1  511    Z 0   95 0
                1258 0 0 1 1  511    Z 0   95 0
                1259 1 0 1 1  511    Z 0   95 0
                1260 0 0 1 1  511    Z 0   95 0
                1261 1 0 1 1  511    Z 0   95 0
                1262 0 0 1 1  511    Z 0   95 0
                1263 1 0 1 1  511    Z 0   95 0
                1264 0 0 1 1  511    Z 0   95 0
                1265 1 0 1 1  511    Z 0   95 0
                1266 0 0 1 1  511    Z 0   95 0
                1267 1 0 1 1  511    Z 0   95 0
                1268 0 0 1 1  511    Z 0   95 0
                1269 1 0 1 1  511    Z 0   95 0
                1270 0 0 1 1  511    Z 0   95 0
                1271 1 0 1 1  511    Z 0   95 0
                1272 0 0 1 1  511    Z 0   95 0
                1273 1 0 1 1  511    Z 0   95 0
                1274 0 0 1 1  511    Z 0   95 0
                1275 1 0 1 1  511    Z 0   95 0
                1276 0 0 1 1  511    Z 0   95 0
                1277 1 0 1 1  511    Z 0   95 0
                1278 0 0 1 1  511    Z 0   95 0
                1279 1 0 1 1  511    Z 0   95 0
                1280 0 0 1 1  511    Z 0   95 0
                1281 1 0 1 1  511    Z 0   95 0
                1282 0 0 1 1  511    Z 0   95 0
                1283 1 0 1 1  511    Z 0   95 0
                1284 0 0 1 1  511    Z 0   95 0
                1285 1 0 1 1  511    Z 0   95 0
                1286 0 0 1 1  511    Z 0   95 0
                1287 1 0 1 1  511    Z 0   95 0
                1288 0 0 1 1  511    Z 0   95 0
                1289 1 0 1 1  511    Z 0   95 0
                1290 0 0 1 1  511    Z 0   95 0
                1291 1 0 1 1  511    Z 0   95 0
                1292 0 0 1 1  511    Z 0   95 0
                1293 1 0 1 1  511    Z 0   95 0
                1294 0 0 1 1  511    Z 0   95 0
                1295 1 0 1 1  511    Z 0   95 0
                1296 0 0 1 1  511    Z 0   95 0
                1297 1 0 1 1  511    Z 0   95 0
                1298 0 0 1 1  511    Z 0   95 0
                1299 1 0 1 1  511    Z 0   95 0
                1300 0 0 1 1  511    Z 0   95 0
                1301 1 0 1 1  511    Z 0   95 0
                1302 0 0 1 1  511    Z 0   95 0
                1303 1 0 1 1  511    Z 0   95 0
                1304 0 0 1 1  511    Z 0   95 0
                1305 1 0 1 1  511    Z 0   95 0
                1306 0 0 1 1  511    Z 0   95 0
                1307 1 0 1 1  511    Z 0   95 0
                1308 0 0 1 1  511    Z 0   95 0
                1309 1 0 1 1  511    Z 0   95 0
                1310 0 0 1 1  511    Z 0   95 0
                1311 1 0 1 1  511    Z 0   95 0
                1312 0 0 1 1  511    Z 0   95 0
                1313 1 0 1 1  511    Z 0   95 0
                1314 0 0 1 1  511    Z 0   95 0
                1315 1 0 1 1  511    Z 0   95 0
                1316 0 0 1 1  511    Z 0   95 0
                1317 1 0 1 1  511    Z 0   95 0
                1318 0 0 1 1  511    Z 0   95 0
                1319 1 0 1 1  511    Z 0   95 0
                1320 0 0 1 1  511    Z 0   95 0
                1321 1 0 1 1  511    Z 0   95 0
                1322 0 0 1 1  511    Z 0   95 0
                1323 1 0 1 1  511    Z 0   95 0
                1324 0 0 1 1  511    Z 0   95 0
                1325 1 0 1 1  511    Z 0   95 0
                1326 0 0 1 1  511    Z 0   95 0
                1327 1 0 1 1  511    Z 0   95 0
