time clk rst start enable i_ref q_measured ready q_desired
                   0 0 0 0 0    x    x 0    0
                   1 1 0 0 0    x    x 0    0
                   2 0 0 0 0    x    x 0    0
                   3 1 0 0 0    x    x 0    0
                   4 0 0 0 0    x    x 0    0
                   5 1 1 0 0    x    x 0    0
                   6 0 1 0 0    x    x 0    0
                   7 1 1 0 0    x    x 0    0
                   8 0 1 0 0    x    x 0    0
                   9 1 1 0 0    x    x 0    0
                  10 0 0 0 0    x    x 0    0
                  11 1 0 0 0    x    x 0    0
                  12 0 0 0 0    x    x 0    0
                  13 1 0 0 0    x    x 0    0
                  14 0 0 0 0    x    x 0    0
                  15 1 0 1 1    x    x 0  120
                  16 0 0 1 1    x    x 0  120
                  17 1 0 1 1    x    x 0  120
                  18 0 0 1 1    x    x 0  120
                  19 1 0 1 1    x    x 0  120
                  20 0 0 1 1    x    x 0  120
                  21 1 0 1 1    x    x 0  120
                  22 0 0 1 1    x    x 0  120
                  23 1 0 1 1    x    x 0  120
                  24 0 0 1 1    x    x 0  120
                  25 1 0 1 1    x    x 0  120
                  26 0 0 1 1    x    x 0  120
                  27 1 0 1 1    x    x 0  120
                  28 0 0 1 1    x    x 0  120
                  29 1 0 1 1    x    0 1  120
                  30 0 0 1 1    x    0 1  120
                  31 1 0 1 1    x    0 0  120
                  32 0 0 1 1    x    0 0  120
                  33 1 0 1 1    x    0 0  120
                  34 0 0 1 1    x    0 0  120
                  35 1 0 1 1    x    0 0  120
                  36 0 0 1 1    x    0 0  120
                  37 1 0 1 1    x    0 0  120
                  38 0 0 1 1    x    0 0  120
                  39 1 0 1 1    x    0 0  120
                  40 0 0 1 1    x    0 0  120
                  41 1 0 1 1    x    0 0  120
                  42 0 0 1 1    x    0 0  120
                  43 1 0 1 1    x    0 0  120
                  44 0 0 1 1    x    0 0  120
                  45 1 0 1 1    x    0 0  120
                  46 0 0 1 1    x    0 0  120
                  47 1 0 1 1    x    0 0  120
                  48 0 0 1 1    x    0 0  120
                  49 1 0 1 1    x    0 0  120
                  50 0 0 1 1    x    0 0  120
                  51 1 0 1 1    x    0 0  120
                  52 0 0 1 1    x    0 0  120
                  53 1 0 1 1    x    0 0  120
                  54 0 0 1 1    x    0 0  120
                  55 1 0 1 1    x    0 0  120
                  56 0 0 1 1    x    0 0  120
                  57 1 0 1 1    x    0 0  120
                  58 0 0 1 1    x    0 0  120
                  59 1 0 1 1    x    0 0  120
                  60 0 0 1 1    x    0 0  120
                  61 1 0 1 1    x    0 0  120
                  62 0 0 1 1    x    0 0  120
                  63 1 0 1 1    x    0 0  120
                  64 0 0 1 1    x    0 0  120
                  65 1 0 1 1    x    0 0  120
                  66 0 0 1 1    x    0 0  120
                  67 1 0 1 1    x    0 0  120
                  68 0 0 1 1    x    0 0  120
                  69 1 0 1 1    x    0 0  120
                  70 0 0 1 1    x    0 0  120
                  71 1 0 1 1    x    0 0  120
                  72 0 0 1 1    x    0 0  120
                  73 1 0 1 1    x    0 0  120
                  74 0 0 1 1    x    0 0  120
                  75 1 0 1 1    x    0 0  120
                  76 0 0 1 1    x    0 0  120
                  77 1 0 1 1    x    0 0  120
                  78 0 0 1 1    x    0 0  120
                  79 1 0 1 1    x    0 0  120
                  80 0 0 1 1    x    0 0  120
                  81 1 0 1 1    x    0 0  120
                  82 0 0 1 1    x    0 0  120
                  83 1 0 1 1    x    0 0  120
                  84 0 0 1 1    x    0 0  120
                  85 1 0 1 1    x    0 0  120
                  86 0 0 1 1    x    0 0  120
                  87 1 0 1 1    x    0 0  120
                  88 0 0 1 1    x    0 0  120
                  89 1 0 1 1    x    0 0  120
                  90 0 0 1 1    x    0 0  120
                  91 1 0 1 1    x    0 0  120
                  92 0 0 1 1    x    0 0  120
                  93 1 0 1 1    x    0 0  120
                  94 0 0 1 1    x    0 0  120
                  95 1 0 1 1    x    0 0  120
                  96 0 0 1 1    x    0 0  120
                  97 1 0 1 1    x    0 0  120
                  98 0 0 1 1    x    0 0  120
                  99 1 0 1 1    x    0 0  120
                 100 0 0 1 1    x    0 0  120
                 101 1 0 1 1    x    0 0  120
                 102 0 0 1 1    x    0 0  120
                 103 1 0 1 1    x    0 0  120
                 104 0 0 1 1    x    0 0  120
                 105 1 0 1 1    x    0 0  120
                 106 0 0 1 1    x    0 0  120
                 107 1 0 1 1    x    0 0  120
                 108 0 0 1 1    x    0 0  120
                 109 1 0 1 1    x    0 0  120
                 110 0 0 1 1    x    0 0  120
                 111 1 0 1 1    x    0 0  120
                 112 0 0 1 1    x    0 0  120
                 113 1 0 1 1    x    0 0  120
                 114 0 0 1 1    x    0 0  120
                 115 1 0 1 1    x    0 0  120
                 116 0 0 1 1    x    0 0  120
                 117 1 0 1 1    x    0 0  120
                 118 0 0 1 1    x    0 0  120
                 119 1 0 1 1    x    0 0  120
                 120 0 0 1 1    x    0 0  120
                 121 1 0 1 1    x    0 0  120
                 122 0 0 1 1    x    0 0  120
                 123 1 0 1 1    x    0 0  120
                 124 0 0 1 1    x    0 0  120
                 125 1 0 1 1    x    0 0  120
                 126 0 0 1 1    x    0 0  120
                 127 1 0 1 1    x    0 0  120
                 128 0 0 1 1    x    0 0  120
                 129 1 0 1 1    x    0 0  120
                 130 0 0 1 1    x    0 0  120
                 131 1 0 1 1    x    0 0  120
                 132 0 0 1 1    x    0 0  120
                 133 1 0 1 1    x    0 0  120
                 134 0 0 1 1    x    0 0  120
                 135 1 0 1 1    x    0 0  120
                 136 0 0 1 1    x    0 0  120
                 137 1 0 1 1    x    0 0  120
                 138 0 0 1 1    x    0 0  120
                 139 1 0 1 1    x    0 0  120
                 140 0 0 1 1    x    0 0  120
                 141 1 0 1 1    x    0 0  120
                 142 0 0 1 1    x    0 0  120
                 143 1 0 1 1    x    0 0  120
                 144 0 0 1 1    x    0 0  120
                 145 1 0 1 1    x    0 0  120
                 146 0 0 1 1    x    0 0  120
                 147 1 0 1 1    x    0 0  120
                 148 0 0 1 1    x    0 0  120
                 149 1 0 1 1    x    0 0  120
                 150 0 0 1 1    x    0 0  120
                 151 1 0 1 1    x    0 0  120
                 152 0 0 1 1    x    0 0  120
                 153 1 0 1 1    x    0 0  120
                 154 0 0 1 1    x    0 0  120
                 155 1 0 1 1    x    0 0  120
                 156 0 0 1 1    x    0 0  120
                 157 1 0 1 1    x    0 0  120
                 158 0 0 1 1    x    0 0  120
                 159 1 0 1 1    x    0 0  120
                 160 0 0 1 1    x    0 0  120
                 161 1 0 1 1    x    0 0  120
                 162 0 0 1 1    x    0 0  120
                 163 1 0 1 1    x    0 0  120
                 164 0 0 1 1    x    0 0  120
                 165 1 0 1 1    x    0 0  120
                 166 0 0 1 1    x    0 0  120
                 167 1 0 1 1    x    0 0  120
                 168 0 0 1 1    x    0 0  120
                 169 1 0 1 1    x    0 0  120
                 170 0 0 1 1    x    0 0  120
                 171 1 0 1 1    x    0 0  120
                 172 0 0 1 1    x    0 0  120
                 173 1 0 1 1    x    0 0  120
                 174 0 0 1 1    x    0 0  120
                 175 1 0 1 1    x    0 0  120
                 176 0 0 1 1    x    0 0  120
                 177 1 0 1 1    x    0 0  120
                 178 0 0 1 1    x    0 0  120
                 179 1 0 1 1    x    0 0  120
                 180 0 0 1 1    x    0 0  120
                 181 1 0 1 1    x    0 0  120
                 182 0 0 1 1    x    0 0  120
                 183 1 0 1 1    x    0 0  120
                 184 0 0 1 1    x    0 0  120
                 185 1 0 1 1    x    0 0  120
                 186 0 0 1 1    x    0 0  120
                 187 1 0 1 1    x    0 0  120
                 188 0 0 1 1    x    0 0  120
                 189 1 0 1 1    x    0 0  120
                 190 0 0 1 1    x    0 0  120
                 191 1 0 1 1    x    0 0  120
                 192 0 0 1 1    x    0 0  120
                 193 1 0 1 1    x    0 0  120
                 194 0 0 1 1    x    0 0  120
                 195 1 0 1 1    x    0 0  120
                 196 0 0 1 1    x    0 0  120
                 197 1 0 1 1    x    0 0  120
                 198 0 0 1 1    x    0 0  120
                 199 1 0 1 1    x    0 0  120
                 200 0 0 1 1    x    0 0  120
                 201 1 0 1 1    x    0 0  120
                 202 0 0 1 1    x    0 0  120
                 203 1 0 1 1    x    0 0  120
                 204 0 0 1 1    x    0 0  120
                 205 1 0 1 1    x    0 0  120
                 206 0 0 1 1    x    0 0  120
                 207 1 0 1 1    x    0 0  120
                 208 0 0 1 1    x    0 0  120
                 209 1 0 1 1    x    0 0  120
                 210 0 0 1 1    x    0 0  120
                 211 1 0 1 1    x    0 0  120
                 212 0 0 1 1    x    0 0  120
                 213 1 0 1 1    x    0 0  120
                 214 0 0 1 1    x    0 0  120
                 215 1 0 1 1    x    0 0  120
                 216 0 0 1 1    x    0 0  120
                 217 1 0 1 1    x    0 0  120
                 218 0 0 1 1    x    0 0  120
                 219 1 0 1 1    x    0 0  120
                 220 0 0 1 1    x    0 0  120
                 221 1 0 1 1    x    0 0  120
                 222 0 0 1 1    x    0 0  120
                 223 1 0 1 1    x    0 0  120
                 224 0 0 1 1    x    0 0  120
                 225 1 0 1 1    x    0 0  120
                 226 0 0 1 1    x    0 0  120
                 227 1 0 1 1    x    0 0  120
                 228 0 0 1 1    x    0 0  120
                 229 1 0 1 1    x    0 0  120
                 230 0 0 1 1    x    0 0  120
                 231 1 0 1 1    x    0 0  120
                 232 0 0 1 1    x    0 0  120
                 233 1 0 1 1    x    0 0  120
                 234 0 0 1 1    x    0 0  120
                 235 1 0 1 1    x    0 0  120
                 236 0 0 1 1    x    0 0  120
                 237 1 0 1 1    x    0 0  120
                 238 0 0 1 1    x    0 0  120
                 239 1 0 1 1    x    0 0  120
                 240 0 0 1 1    x    0 0  120
                 241 1 0 1 1    x    0 0  120
                 242 0 0 1 1    x    0 0  120
                 243 1 0 1 1    x    0 0  120
                 244 0 0 1 1    x    0 0  120
                 245 1 0 1 1    x    0 0  120
                 246 0 0 1 1    x    0 0  120
                 247 1 0 1 1    x    0 0  120
                 248 0 0 1 1    x    0 0  120
                 249 1 0 1 1    x    0 0  120
                 250 0 0 1 1    x    0 0  120
                 251 1 0 1 1    x    0 0  120
                 252 0 0 1 1    x    0 0  120
                 253 1 0 1 1    x    0 0  120
                 254 0 0 1 1    x    0 0  120
                 255 1 0 1 1    x    0 0  120
                 256 0 0 1 1    x    0 0  120
                 257 1 0 1 1    x    0 0  120
                 258 0 0 1 1    x    0 0  120
                 259 1 0 1 1    x    0 0  120
                 260 0 0 1 1    x    0 0  120
                 261 1 0 1 1    x    0 0  120
                 262 0 0 1 1    x    0 0  120
                 263 1 0 1 1    x    0 0  120
                 264 0 0 1 1    x    0 0  120
                 265 1 0 1 1    x    0 0  120
                 266 0 0 1 1    x    0 0  120
                 267 1 0 1 1    x    0 0  120
                 268 0 0 1 1    x    0 0  120
                 269 1 0 1 1    x    0 0  120
                 270 0 0 1 1    x    0 0  120
                 271 1 0 1 1    x    0 0  120
                 272 0 0 1 1    x    0 0  120
                 273 1 0 1 1    x    0 0  120
                 274 0 0 1 1    x    0 0  120
                 275 1 0 1 1    x    0 0  120
                 276 0 0 1 1    x    0 0  120
                 277 1 0 1 1    x    0 0  120
                 278 0 0 1 1    x    0 0  120
                 279 1 0 1 1    x    0 0  120
                 280 0 0 1 1    x    0 0  120
                 281 1 0 1 1    x    0 0  120
                 282 0 0 1 1    x    0 0  120
                 283 1 0 1 1    x    0 0  120
                 284 0 0 1 1    x    0 0  120
                 285 1 0 1 1    x    0 0  120
                 286 0 0 1 1    x    0 0  120
                 287 1 0 1 1    x    0 0  120
                 288 0 0 1 1    x    0 0  120
                 289 1 0 1 1    x    0 0  120
                 290 0 0 1 1    x    0 0  120
                 291 1 0 1 1    x    0 0  120
                 292 0 0 1 1    x    0 0  120
                 293 1 0 1 1    x    0 0  120
                 294 0 0 1 1    x    0 0  120
                 295 1 0 1 1    x    0 0  120
                 296 0 0 1 1    x    0 0  120
                 297 1 0 1 1    x    0 0  120
                 298 0 0 1 1    x    0 0  120
                 299 1 0 1 1    x    0 0  120
                 300 0 0 1 1    x    0 0  120
                 301 1 0 1 1    x    0 0  120
                 302 0 0 1 1    x    0 0  120
                 303 1 0 1 1    x    0 0  120
                 304 0 0 1 1    x    0 0  120
                 305 1 0 1 1    x    0 0  120
                 306 0 0 1 1    x    0 0  120
                 307 1 0 1 1    x    0 0  120
                 308 0 0 1 1    x    0 0  120
                 309 1 0 1 1    x    0 0  120
                 310 0 0 1 1    x    0 0  120
                 311 1 0 1 1    x    0 0  120
                 312 0 0 1 1    x    0 0  120
                 313 1 0 1 1    x    0 0  120
                 314 0 0 1 1    x    0 0  120
                 315 1 0 1 1    x    0 0  120
                 316 0 0 1 1    x    0 0  120
                 317 1 0 1 1    x    0 0  120
                 318 0 0 1 1    x    0 0  120
                 319 1 0 1 1    x    0 0  120
                 320 0 0 1 1    x    0 0  120
                 321 1 0 1 1    x    0 0  120
                 322 0 0 1 1    x    0 0  120
                 323 1 0 1 1    x    0 0  120
                 324 0 0 1 1    x    0 0  120
                 325 1 0 1 1    x    0 0  120
                 326 0 0 1 1    x    0 0  120
                 327 1 0 1 1    x    0 0  120
                 328 0 0 1 1    x    0 0  120
                 329 1 0 1 1    x    0 0  120
                 330 0 0 1 1    x    0 0  120
                 331 1 0 1 1    x    0 0  120
                 332 0 0 1 1    x    0 0  120
                 333 1 0 1 1    x    0 0  120
                 334 0 0 1 1    x    0 0  120
                 335 1 0 1 1    x    0 0  120
                 336 0 0 1 1    x    0 0  120
                 337 1 0 1 1    x    0 0  120
                 338 0 0 1 1    x    0 0  120
                 339 1 0 1 1    x    0 0  120
                 340 0 0 1 1    x    0 0  120
                 341 1 0 1 1    x    0 0  120
                 342 0 0 1 1    x    0 0  120
                 343 1 0 1 1    x    0 0  120
                 344 0 0 1 1    x    0 0  120
                 345 1 0 1 1    x    0 0  120
                 346 0 0 1 1    x    0 0  120
                 347 1 0 1 1    x    0 0  120
                 348 0 0 1 1    x    0 0  120
                 349 1 0 1 1    x    0 0  120
                 350 0 0 1 1    x    0 0  120
                 351 1 0 1 1    x    0 0  120
                 352 0 0 1 1    x    0 0  120
                 353 1 0 1 1    x    0 0  120
                 354 0 0 1 1    x    0 0  120
                 355 1 0 1 1    x    0 0  120
                 356 0 0 1 1    x    0 0  120
                 357 1 0 1 1    x    0 0  120
                 358 0 0 1 1    x    0 0  120
                 359 1 0 1 1    x    0 0  120
                 360 0 0 1 1    x    0 0  120
                 361 1 0 1 1    x    0 0  120
                 362 0 0 1 1    x    0 0  120
                 363 1 0 1 1    x    0 0  120
                 364 0 0 1 1    x    0 0  120
                 365 1 0 1 1    x    0 0  120
                 366 0 0 1 1    x    0 0  120
                 367 1 0 1 1    x    0 0  120
                 368 0 0 1 1    x    0 0  120
                 369 1 0 1 1    x    0 0  120
                 370 0 0 1 1    x    0 0  120
                 371 1 0 1 1    x    0 0  120
                 372 0 0 1 1    x    0 0  120
                 373 1 0 1 1    x    0 0  120
                 374 0 0 1 1    x    0 0  120
                 375 1 0 1 1    x    0 0  120
                 376 0 0 1 1    x    0 0  120
                 377 1 0 1 1    x    0 0  120
                 378 0 0 1 1    x    0 0  120
                 379 1 0 1 1    x    0 0  120
                 380 0 0 1 1    x    0 0  120
                 381 1 0 1 1    x    0 0  120
                 382 0 0 1 1    x    0 0  120
                 383 1 0 1 1    x    0 0  120
                 384 0 0 1 1    x    0 0  120
                 385 1 0 1 1    x    0 0  120
                 386 0 0 1 1    x    0 0  120
                 387 1 0 1 1    x    0 0  120
                 388 0 0 1 1    x    0 0  120
                 389 1 0 1 1    x    0 0  120
                 390 0 0 1 1    x    0 0  120
                 391 1 0 1 1    x    0 0  120
                 392 0 0 1 1    x    0 0  120
                 393 1 0 1 1    x    0 0  120
                 394 0 0 1 1    x    0 0  120
                 395 1 0 1 1    x    0 0  120
                 396 0 0 1 1    x    0 0  120
                 397 1 0 1 1    x    0 0  120
                 398 0 0 1 1    x    0 0  120
                 399 1 0 1 1    x    0 0  120
                 400 0 0 1 1    x    0 0  120
                 401 1 0 1 1    x    0 0  120
                 402 0 0 1 1    x    0 0  120
                 403 1 0 1 1    x    0 0  120
                 404 0 0 1 1    x    0 0  120
                 405 1 0 1 1    x    0 0  120
                 406 0 0 1 1    x    0 0  120
                 407 1 0 1 1    x    0 0  120
                 408 0 0 1 1    x    0 0  120
                 409 1 0 1 1    x    0 0  120
                 410 0 0 1 1    x    0 0  120
                 411 1 0 1 1    x    0 0  120
                 412 0 0 1 1    x    0 0  120
                 413 1 0 1 1    x    0 0  120
                 414 0 0 1 1    x    0 0  120
                 415 1 0 1 1    x    0 0  120
                 416 0 0 1 1    x    0 0  120
                 417 1 0 1 1    x    0 0  120
                 418 0 0 1 1    x    0 0  120
                 419 1 0 1 1    x    0 0  120
                 420 0 0 1 1    x    0 0  120
                 421 1 0 1 1    x    0 0  120
                 422 0 0 1 1    x    0 0  120
                 423 1 0 1 1    x    0 0  120
                 424 0 0 1 1    x    0 0  120
                 425 1 0 1 1    x    0 0  120
                 426 0 0 1 1    x    0 0  120
                 427 1 0 1 1    x    0 0  120
                 428 0 0 1 1    x    0 0  120
                 429 1 0 1 1    x    0 0  120
                 430 0 0 1 1    x    0 0  120
                 431 1 0 1 1    x    0 0  120
                 432 0 0 1 1    x    0 0  120
                 433 1 0 1 1    x    0 0  120
                 434 0 0 1 1    x    0 0  120
                 435 1 0 1 1    x    0 0  120
                 436 0 0 1 1    x    0 0  120
                 437 1 0 1 1    x    0 0  120
                 438 0 0 1 1    x    0 0  120
                 439 1 0 1 1    x    0 0  120
                 440 0 0 1 1    x    0 0  120
                 441 1 0 1 1    x    0 0  120
                 442 0 0 1 1    x    0 0  120
                 443 1 0 1 1    x    0 0  120
                 444 0 0 1 1    x    0 0  120
                 445 1 0 1 1    x    0 0  120
                 446 0 0 1 1    x    0 0  120
                 447 1 0 1 1    x    0 0  120
                 448 0 0 1 1    x    0 0  120
                 449 1 0 1 1    x    0 0  120
                 450 0 0 1 1    x    0 0  120
                 451 1 0 1 1    x    0 0  120
                 452 0 0 1 1    x    0 0  120
                 453 1 0 1 1    x    0 0  120
                 454 0 0 1 1    x    0 0  120
                 455 1 0 1 1    x    0 0  120
                 456 0 0 1 1    x    0 0  120
                 457 1 0 1 1    x    0 0  120
                 458 0 0 1 1    x    0 0  120
                 459 1 0 1 1    x    0 0  120
                 460 0 0 1 1    x    0 0  120
                 461 1 0 1 1    x    0 0  120
                 462 0 0 1 1    x    0 0  120
                 463 1 0 1 1    x    0 0  120
                 464 0 0 1 1    x    0 0  120
                 465 1 0 1 1    x    0 0  120
                 466 0 0 1 1    x    0 0  120
                 467 1 0 1 1    x    0 0  120
                 468 0 0 1 1    x    0 0  120
                 469 1 0 1 1    x    0 0  120
                 470 0 0 1 1    x    0 0  120
                 471 1 0 1 1    x    0 0  120
                 472 0 0 1 1    x    0 0  120
                 473 1 0 1 1    x    0 0  120
                 474 0 0 1 1    x    0 0  120
                 475 1 0 1 1    x    0 0  120
                 476 0 0 1 1    x    0 0  120
                 477 1 0 1 1    x    0 0  120
                 478 0 0 1 1    x    0 0  120
                 479 1 0 1 1    x    0 0  120
                 480 0 0 1 1    x    0 0  120
                 481 1 0 1 1    x    0 0  120
                 482 0 0 1 1    x    0 0  120
                 483 1 0 1 1    x    0 0  120
                 484 0 0 1 1    x    0 0  120
                 485 1 0 1 1    x    0 0  120
                 486 0 0 1 1    x    0 0  120
                 487 1 0 1 1    x    0 0  120
                 488 0 0 1 1    x    0 0  120
                 489 1 0 1 1    x    0 0  120
                 490 0 0 1 1    x    0 0  120
                 491 1 0 1 1    x    0 0  120
                 492 0 0 1 1    x    0 0  120
                 493 1 0 1 1    x    0 0  120
                 494 0 0 1 1    x    0 0  120
                 495 1 0 1 1    x    0 0  120
                 496 0 0 1 1    x    0 0  120
                 497 1 0 1 1    x    0 0  120
                 498 0 0 1 1    x    0 0  120
                 499 1 0 1 1    x    0 0  120
                 500 0 0 1 1    x    0 0  120
                 501 1 0 1 1    x    0 0  120
                 502 0 0 1 1    x    0 0  120
                 503 1 0 1 1    x    0 0  120
                 504 0 0 1 1    x    0 0  120
                 505 1 0 1 1    x    0 0  120
                 506 0 0 1 1    x    0 0  120
                 507 1 0 1 1    x    0 0  120
                 508 0 0 1 1    x    0 0  120
                 509 1 0 1 1    x    0 0  120
                 510 0 0 1 1    x    0 0  120
                 511 1 0 1 1    x    0 0  120
                 512 0 0 1 1    x    0 0  120
                 513 1 0 1 1    x    0 0  120
                 514 0 0 1 1    x    0 0  120
                 515 1 0 1 1    x    0 0  120
                 516 0 0 1 1    x    0 0  120
                 517 1 0 1 1    x    0 0  120
                 518 0 0 1 1    x    0 0  120
                 519 1 0 1 1    x    0 0  120
                 520 0 0 1 1    x    0 0  120
                 521 1 0 1 1    x    0 0  120
                 522 0 0 1 1    x    0 0  120
                 523 1 0 1 1    x    0 0  120
                 524 0 0 1 1    x    0 0  120
                 525 1 0 1 1    x    0 0  120
                 526 0 0 1 1    x    0 0  120
                 527 1 0 1 1    x    0 0  120
                 528 0 0 1 1    x    0 0  120
                 529 1 0 1 1    x    0 0  120
                 530 0 0 1 1    x    0 0  120
                 531 1 0 1 1    x    0 0  120
                 532 0 0 1 1    x    0 0  120
                 533 1 0 1 1    x    0 0  120
                 534 0 0 1 1    x    0 0  120
                 535 1 0 1 1    x    0 0  120
                 536 0 0 1 1    x    0 0  120
                 537 1 0 1 1    x    0 0  120
                 538 0 0 1 1    x    0 0  120
                 539 1 0 1 1    x    0 0  120
                 540 0 0 1 1    x    0 0  120
                 541 1 0 1 1    x    0 0  120
                 542 0 0 1 1    x    0 0  120
                 543 1 0 1 1    x    0 0  120
                 544 0 0 1 1    x    0 0  120
                 545 1 0 1 1    x    0 0  120
                 546 0 0 1 1    x    0 0  120
                 547 1 0 1 1    x    0 0  120
                 548 0 0 1 1    x    0 0  120
                 549 1 0 1 1    x    0 0  120
                 550 0 0 1 1    x    0 0  120
                 551 1 0 1 1    x    0 0  120
                 552 0 0 1 1    x    0 0  120
                 553 1 0 1 1    x    0 0  120
                 554 0 0 1 1    x    0 0  120
                 555 1 0 1 1    x    0 0  120
                 556 0 0 1 1    x    0 0  120
                 557 1 0 1 1    x    0 0  120
                 558 0 0 1 1    x    0 0  120
                 559 1 0 1 1    x    0 0  120
                 560 0 0 1 1    x    0 0  120
                 561 1 0 1 1    x    0 0  120
                 562 0 0 1 1    x    0 0  120
                 563 1 0 1 1    x    0 0  120
                 564 0 0 1 1    x    0 0  120
                 565 1 0 1 1    x    0 0  120
                 566 0 0 1 1    x    0 0  120
                 567 1 0 1 1    x    0 0  120
                 568 0 0 1 1    x    0 0  120
                 569 1 0 1 1    x    0 0  120
                 570 0 0 1 1    x    0 0  120
                 571 1 0 1 1    x    0 0  120
                 572 0 0 1 1    x    0 0  120
                 573 1 0 1 1    x    0 0  120
                 574 0 0 1 1    x    0 0  120
                 575 1 0 1 1    x    0 0  120
                 576 0 0 1 1    x    0 0  120
                 577 1 0 1 1    x    0 0  120
                 578 0 0 1 1    x    0 0  120
                 579 1 0 1 1    x    0 0  120
                 580 0 0 1 1    x    0 0  120
                 581 1 0 1 1    x    0 0  120
                 582 0 0 1 1    x    0 0  120
                 583 1 0 1 1    x    0 0  120
                 584 0 0 1 1    x    0 0  120
                 585 1 0 1 1    x    0 0  120
                 586 0 0 1 1    x    0 0  120
                 587 1 0 1 1    x    0 0  120
                 588 0 0 1 1    x    0 0  120
                 589 1 0 1 1    x    0 0  120
                 590 0 0 1 1    x    0 0  120
                 591 1 0 1 1    x    0 0  120
                 592 0 0 1 1    x    0 0  120
                 593 1 0 1 1    x    0 0  120
                 594 0 0 1 1    x    0 0  120
                 595 1 0 1 1    x    0 0  120
                 596 0 0 1 1    x    0 0  120
                 597 1 0 1 1    x    0 0  120
                 598 0 0 1 1    x    0 0  120
                 599 1 0 1 1    x    0 0  120
                 600 0 0 1 1    x    0 0  120
                 601 1 0 1 1    x    0 0  120
                 602 0 0 1 1    x    0 0  120
                 603 1 0 1 1    x    0 0  120
                 604 0 0 1 1    x    0 0  120
                 605 1 0 1 1    x    0 0  120
                 606 0 0 1 1    x    0 0  120
                 607 1 0 1 1    x    0 0  120
                 608 0 0 1 1    x    0 0  120
                 609 1 0 1 1    x    0 0  120
                 610 0 0 1 1    x    0 0  120
                 611 1 0 1 1    x    0 0  120
                 612 0 0 1 1    x    0 0  120
                 613 1 0 1 1    x    0 0  120
                 614 0 0 1 1    x    0 0  120
                 615 1 0 1 1    x    0 0  120
                 616 0 0 1 1    x    0 0  120
                 617 1 0 1 1    x    0 0  120
                 618 0 0 1 1    x    0 0  120
                 619 1 0 1 1    x    0 0  120
                 620 0 0 1 1    x    0 0  120
                 621 1 0 1 1    x    0 0  120
                 622 0 0 1 1    x    0 0  120
                 623 1 0 1 1    x    0 0  120
                 624 0 0 1 1    x    0 0  120
                 625 1 0 1 1    x    0 0  120
                 626 0 0 1 1    x    0 0  120
                 627 1 0 1 1    x    0 0  120
                 628 0 0 1 1    x    0 0  120
                 629 1 0 1 1    x    0 0  120
                 630 0 0 1 1    x    0 0  120
                 631 1 0 1 1    x    0 0  120
                 632 0 0 1 1    x    0 0  120
                 633 1 0 1 1    x    0 0  120
                 634 0 0 1 1    x    0 0  120
                 635 1 0 1 1    x    0 0  120
                 636 0 0 1 1    x    0 0  120
                 637 1 0 1 1    x    0 0  120
                 638 0 0 1 1    x    0 0  120
                 639 1 0 1 1    x    0 0  120
                 640 0 0 1 1    x    0 0  120
                 641 1 0 1 1    x    0 0  120
                 642 0 0 1 1    x    0 0  120
                 643 1 0 1 1    x    0 0  120
                 644 0 0 1 1    x    0 0  120
                 645 1 0 1 1    x    0 0  120
                 646 0 0 1 1    x    0 0  120
                 647 1 0 1 1    x    0 0  120
                 648 0 0 1 1    x    0 0  120
                 649 1 0 1 1    x    0 0  120
                 650 0 0 1 1    x    0 0  120
                 651 1 0 1 1    x    0 0  120
                 652 0 0 1 1    x    0 0  120
                 653 1 0 1 1    x    0 0  120
                 654 0 0 1 1    x    0 0  120
                 655 1 0 1 1    x    0 0  120
                 656 0 0 1 1    x    0 0  120
                 657 1 0 1 1    x    0 0  120
                 658 0 0 1 1    x    0 0  120
                 659 1 0 1 1    x    0 0  120
                 660 0 0 1 1    x    0 0  120
                 661 1 0 1 1    x    0 0  120
                 662 0 0 1 1    x    0 0  120
                 663 1 0 1 1    x    0 0  120
                 664 0 0 1 1    x    0 0  120
                 665 1 0 1 1    x    0 0  120
                 666 0 0 1 1    x    0 0  120
                 667 1 0 1 1    x    0 0  120
                 668 0 0 1 1    x    0 0  120
                 669 1 0 1 1    x    0 0  120
                 670 0 0 1 1    x    0 0  120
                 671 1 0 1 1    x    0 0  120
                 672 0 0 1 1    x    0 0  120
                 673 1 0 1 1    x    0 0  120
                 674 0 0 1 1    x    0 0  120
                 675 1 0 1 1    x    0 0  120
                 676 0 0 1 1    x    0 0  120
                 677 1 0 1 1    x    0 0  120
                 678 0 0 1 1    x    0 0  120
                 679 1 0 1 1    x    0 0  120
                 680 0 0 1 1    x    0 0  120
                 681 1 0 1 1    x    0 0  120
                 682 0 0 1 1    x    0 0  120
                 683 1 0 1 1    x    0 0  120
                 684 0 0 1 1    x    0 0  120
                 685 1 0 1 1    x    0 0  120
                 686 0 0 1 1    x    0 0  120
                 687 1 0 1 1    x    0 0  120
                 688 0 0 1 1    x    0 0  120
                 689 1 0 1 1    x    0 0  120
                 690 0 0 1 1    x    0 0  120
                 691 1 0 1 1    x    0 0  120
                 692 0 0 1 1    x    0 0  120
                 693 1 0 1 1    x    0 0  120
                 694 0 0 1 1    x    0 0  120
                 695 1 0 1 1    x    0 0  120
                 696 0 0 1 1    x    0 0  120
                 697 1 0 1 1    x    0 0  120
                 698 0 0 1 1    x    0 0  120
                 699 1 0 1 1    x    0 0  120
                 700 0 0 1 1    x    0 0  120
                 701 1 0 1 1    x    0 0  120
                 702 0 0 1 1    x    0 0  120
                 703 1 0 1 1    x    0 0  120
                 704 0 0 1 1    x    0 0  120
                 705 1 0 1 1    x    0 0  120
                 706 0 0 1 1    x    0 0  120
                 707 1 0 1 1    x    0 0  120
                 708 0 0 1 1    x    0 0  120
                 709 1 0 1 1    x    0 0  120
                 710 0 0 1 1    x    0 0  120
                 711 1 0 1 1    x    0 0  120
                 712 0 0 1 1    x    0 0  120
                 713 1 0 1 1    x    0 0  120
                 714 0 0 1 1    x    0 0  120
                 715 1 0 1 1    x    0 0  120
                 716 0 0 1 1    x    0 0  120
                 717 1 0 1 1    x    0 0  120
                 718 0 0 1 1    x    0 0  120
                 719 1 0 1 1    x    0 0  120
                 720 0 0 1 1    x    0 0  120
                 721 1 0 1 1    x    0 0  120
                 722 0 0 1 1    x    0 0  120
                 723 1 0 1 1    x    0 0  120
                 724 0 0 1 1    x    0 0  120
                 725 1 0 1 1    x    0 0  120
                 726 0 0 1 1    x    0 0  120
                 727 1 0 1 1    x    0 0  120
                 728 0 0 1 1    x    0 0  120
                 729 1 0 1 1    x    0 0  120
                 730 0 0 1 1    x    0 0  120
                 731 1 0 1 1    x    0 0  120
                 732 0 0 1 1    x    0 0  120
                 733 1 0 1 1    x    0 0  120
                 734 0 0 1 1    x    0 0  120
                 735 1 0 1 1    x    0 0  120
                 736 0 0 1 1    x    0 0  120
                 737 1 0 1 1    x    0 0  120
                 738 0 0 1 1    x    0 0  120
                 739 1 0 1 1    x    0 0  120
                 740 0 0 1 1    x    0 0  120
                 741 1 0 1 1    x    0 0  120
                 742 0 0 1 1    x    0 0  120
                 743 1 0 1 1    x    0 0  120
                 744 0 0 1 1    x    0 0  120
                 745 1 0 1 1    x    0 0  120
                 746 0 0 1 1    x    0 0  120
                 747 1 0 1 1    x    0 0  120
                 748 0 0 1 1    x    0 0  120
                 749 1 0 1 1    x    0 0  120
                 750 0 0 1 1    x    0 0  120
                 751 1 0 1 1    x    0 0  120
                 752 0 0 1 1    x    0 0  120
                 753 1 0 1 1    x    0 0  120
                 754 0 0 1 1    x    0 0  120
                 755 1 0 1 1    x    0 0  120
                 756 0 0 1 1    x    0 0  120
                 757 1 0 1 1    x    0 0  120
                 758 0 0 1 1    x    0 0  120
                 759 1 0 1 1    x    0 0  120
                 760 0 0 1 1    x    0 0  120
                 761 1 0 1 1    x    0 0  120
                 762 0 0 1 1    x    0 0  120
                 763 1 0 1 1    x    0 0  120
                 764 0 0 1 1    x    0 0  120
                 765 1 0 1 1    x    0 0  120
                 766 0 0 1 1    x    0 0  120
                 767 1 0 1 1    x    0 0  120
                 768 0 0 1 1    x    0 0  120
                 769 1 0 1 1    x    0 0  120
                 770 0 0 1 1    x    0 0  120
                 771 1 0 1 1    x    0 0  120
                 772 0 0 1 1    x    0 0  120
                 773 1 0 1 1    x    0 0  120
                 774 0 0 1 1    x    0 0  120
                 775 1 0 1 1    x    0 0  120
                 776 0 0 1 1    x    0 0  120
                 777 1 0 1 1    x    0 0  120
                 778 0 0 1 1    x    0 0  120
                 779 1 0 1 1    x    0 0  120
                 780 0 0 1 1    x    0 0  120
                 781 1 0 1 1    x    0 0  120
                 782 0 0 1 1    x    0 0  120
                 783 1 0 1 1    x    0 0  120
                 784 0 0 1 1    x    0 0  120
                 785 1 0 1 1    x    0 0  120
                 786 0 0 1 1    x    0 0  120
                 787 1 0 1 1    x    0 0  120
                 788 0 0 1 1    x    0 0  120
                 789 1 0 1 1    x    0 0  120
                 790 0 0 1 1    x    0 0  120
                 791 1 0 1 1    x    0 0  120
                 792 0 0 1 1    x    0 0  120
                 793 1 0 1 1    x    0 0  120
                 794 0 0 1 1    x    0 0  120
                 795 1 0 1 1    x    0 0  120
                 796 0 0 1 1    x    0 0  120
                 797 1 0 1 1    x    0 0  120
                 798 0 0 1 1    x    0 0  120
                 799 1 0 1 1    x    0 0  120
                 800 0 0 1 1    x    0 0  120
                 801 1 0 1 1    x    0 0  120
                 802 0 0 1 1    x    0 0  120
                 803 1 0 1 1    x    0 0  120
                 804 0 0 1 1    x    0 0  120
                 805 1 0 1 1    x    0 0  120
                 806 0 0 1 1    x    0 0  120
                 807 1 0 1 1    x    0 0  120
                 808 0 0 1 1    x    0 0  120
                 809 1 0 1 1    x    0 0  120
                 810 0 0 1 1    x    0 0  120
                 811 1 0 1 1    x    0 0  120
                 812 0 0 1 1    x    0 0  120
                 813 1 0 1 1    x    0 0  120
                 814 0 0 1 1    x    0 0  120
                 815 1 0 1 1    x    0 0  120
                 816 0 0 1 1    x    0 0  120
                 817 1 0 1 1    x    0 0  120
                 818 0 0 1 1    x    0 0  120
                 819 1 0 1 1    x    0 0  120
                 820 0 0 1 1    x    0 0  120
                 821 1 0 1 1    x    0 0  120
                 822 0 0 1 1    x    0 0  120
                 823 1 0 1 1    x    0 0  120
                 824 0 0 1 1    x    0 0  120
                 825 1 0 1 1    x    0 0  120
                 826 0 0 1 1    x    0 0  120
                 827 1 0 1 1    x    0 0  120
                 828 0 0 1 1    x    0 0  120
                 829 1 0 1 1    x    0 0  120
                 830 0 0 1 1    x    0 0  120
                 831 1 0 1 1    x    0 0  120
                 832 0 0 1 1    x    0 0  120
                 833 1 0 1 1    x    0 0  120
                 834 0 0 1 1    x    0 0  120
                 835 1 0 1 1    x    0 0  120
                 836 0 0 1 1    x    0 0  120
                 837 1 0 1 1    x    0 0  120
                 838 0 0 1 1    x    0 0  120
                 839 1 0 1 1    x    0 0  120
                 840 0 0 1 1    x    0 0  120
                 841 1 0 1 1    x    0 0  120
                 842 0 0 1 1    x    0 0  120
                 843 1 0 1 1    x    0 0  120
                 844 0 0 1 1    x    0 0  120
                 845 1 0 1 1    x    0 0  120
                 846 0 0 1 1    x    0 0  120
                 847 1 0 1 1    x    0 0  120
                 848 0 0 1 1    x    0 0  120
                 849 1 0 1 1    x    0 0  120
                 850 0 0 1 1    x    0 0  120
                 851 1 0 1 1    x    0 0  120
                 852 0 0 1 1    x    0 0  120
                 853 1 0 1 1    x    0 0  120
                 854 0 0 1 1    x    0 0  120
                 855 1 0 1 1    x    0 0  120
                 856 0 0 1 1    x    0 0  120
                 857 1 0 1 1    x    0 0  120
                 858 0 0 1 1    x    0 0  120
                 859 1 0 1 1    x    0 0  120
                 860 0 0 1 1    x    0 0  120
                 861 1 0 1 1    x    0 0  120
                 862 0 0 1 1    x    0 0  120
                 863 1 0 1 1    x    0 0  120
                 864 0 0 1 1    x    0 0  120
                 865 1 0 1 1    x    0 0  120
                 866 0 0 1 1    x    0 0  120
                 867 1 0 1 1    x    0 0  120
                 868 0 0 1 1    x    0 0  120
                 869 1 0 1 1    x    0 0  120
                 870 0 0 1 1    x    0 0  120
                 871 1 0 1 1    x    0 0  120
                 872 0 0 1 1    x    0 0  120
                 873 1 0 1 1    x    0 0  120
                 874 0 0 1 1    x    0 0  120
                 875 1 0 1 1    x    0 0  120
                 876 0 0 1 1    x    0 0  120
                 877 1 0 1 1    x    0 0  120
                 878 0 0 1 1    x    0 0  120
                 879 1 0 1 1    x    0 0  120
                 880 0 0 1 1    x    0 0  120
                 881 1 0 1 1    x    0 0  120
                 882 0 0 1 1    x    0 0  120
                 883 1 0 1 1    x    0 0  120
                 884 0 0 1 1    x    0 0  120
                 885 1 0 1 1    x    0 0  120
                 886 0 0 1 1    x    0 0  120
                 887 1 0 1 1    x    0 0  120
                 888 0 0 1 1    x    0 0  120
                 889 1 0 1 1    x    0 0  120
                 890 0 0 1 1    x    0 0  120
                 891 1 0 1 1    x    0 0  120
                 892 0 0 1 1    x    0 0  120
                 893 1 0 1 1    x    0 0  120
                 894 0 0 1 1    x    0 0  120
                 895 1 0 1 1    x    0 0  120
                 896 0 0 1 1    x    0 0  120
                 897 1 0 1 1    x    0 0  120
                 898 0 0 1 1    x    0 0  120
                 899 1 0 1 1    x    0 0  120
                 900 0 0 1 1    x    0 0  120
                 901 1 0 1 1    x    0 0  120
                 902 0 0 1 1    x    0 0  120
                 903 1 0 1 1    x    0 0  120
                 904 0 0 1 1    x    0 0  120
                 905 1 0 1 1    x    0 0  120
                 906 0 0 1 1    x    0 0  120
                 907 1 0 1 1    x    0 0  120
                 908 0 0 1 1    x    0 0  120
                 909 1 0 1 1    x    0 0  120
                 910 0 0 1 1    x    0 0  120
                 911 1 0 1 1    x    0 0  120
                 912 0 0 1 1    x    0 0  120
                 913 1 0 1 1    x    0 0  120
                 914 0 0 1 1    x    0 0  120
                 915 1 0 1 1    x    0 0  120
                 916 0 0 1 1    x    0 0  120
                 917 1 0 1 1    x    0 0  120
                 918 0 0 1 1    x    0 0  120
                 919 1 0 1 1    x    0 0  120
                 920 0 0 1 1    x    0 0  120
                 921 1 0 1 1    x    0 0  120
                 922 0 0 1 1    x    0 0  120
                 923 1 0 1 1    x    0 0  120
                 924 0 0 1 1    x    0 0  120
                 925 1 0 1 1    x    0 0  120
                 926 0 0 1 1    x    0 0  120
                 927 1 0 1 1    x    0 0  120
                 928 0 0 1 1    x    0 0  120
                 929 1 0 1 1    x    0 0  120
                 930 0 0 1 1    x    0 0  120
                 931 1 0 1 1    x    0 0  120
                 932 0 0 1 1    x    0 0  120
                 933 1 0 1 1    x    0 0  120
                 934 0 0 1 1    x    0 0  120
                 935 1 0 1 1    x    0 0  120
                 936 0 0 1 1    x    0 0  120
                 937 1 0 1 1    x    0 0  120
                 938 0 0 1 1    x    0 0  120
                 939 1 0 1 1    x    0 0  120
                 940 0 0 1 1    x    0 0  120
                 941 1 0 1 1    x    0 0  120
                 942 0 0 1 1    x    0 0  120
                 943 1 0 1 1    x    0 0  120
                 944 0 0 1 1    x    0 0  120
                 945 1 0 1 1    x    0 0  120
                 946 0 0 1 1    x    0 0  120
                 947 1 0 1 1    x    0 0  120
                 948 0 0 1 1    x    0 0  120
                 949 1 0 1 1    x    0 0  120
                 950 0 0 1 1    x    0 0  120
                 951 1 0 1 1    x    0 0  120
                 952 0 0 1 1    x    0 0  120
                 953 1 0 1 1    x    0 0  120
                 954 0 0 1 1    x    0 0  120
                 955 1 0 1 1    x    0 0  120
                 956 0 0 1 1    x    0 0  120
                 957 1 0 1 1    x    0 0  120
                 958 0 0 1 1    x    0 0  120
                 959 1 0 1 1    x    0 0  120
                 960 0 0 1 1    x    0 0  120
                 961 1 0 1 1    x    0 0  120
                 962 0 0 1 1    x    0 0  120
                 963 1 0 1 1    x    0 0  120
                 964 0 0 1 1    x    0 0  120
                 965 1 0 1 1    x    0 0  120
                 966 0 0 1 1    x    0 0  120
                 967 1 0 1 1    x    0 0  120
                 968 0 0 1 1    x    0 0  120
                 969 1 0 1 1    x    0 0  120
                 970 0 0 1 1    x    0 0  120
                 971 1 0 1 1    x    0 0  120
                 972 0 0 1 1    x    0 0  120
                 973 1 0 1 1    x    0 0  120
                 974 0 0 1 1    x    0 0  120
                 975 1 0 1 1    x    0 0  120
                 976 0 0 1 1    x    0 0  120
                 977 1 0 1 1    x    0 0  120
                 978 0 0 1 1    x    0 0  120
                 979 1 0 1 1    x    0 0  120
                 980 0 0 1 1    x    0 0  120
                 981 1 0 1 1    x    0 0  120
                 982 0 0 1 1    x    0 0  120
                 983 1 0 1 1    x    0 0  120
                 984 0 0 1 1    x    0 0  120
                 985 1 0 1 1    x    0 0  120
                 986 0 0 1 1    x    0 0  120
                 987 1 0 1 1    x    0 0  120
                 988 0 0 1 1    x    0 0  120
                 989 1 0 1 1    x    0 0  120
                 990 0 0 1 1    x    0 0  120
                 991 1 0 1 1    x    0 0  120
                 992 0 0 1 1    x    0 0  120
                 993 1 0 1 1    x    0 0  120
                 994 0 0 1 1    x    0 0  120
                 995 1 0 1 1    x    0 0  120
                 996 0 0 1 1    x    0 0  120
                 997 1 0 1 1    x    0 0  120
                 998 0 0 1 1    x    0 0  120
                 999 1 0 1 1    x    0 0  120
                1000 0 0 1 1    x    0 0  120
                1001 1 0 1 1    x    0 0  120
                1002 0 0 1 1    x    0 0  120
                1003 1 0 1 1    x    0 0  120
                1004 0 0 1 1    x    0 0  120
                1005 1 0 1 1    x    0 0  120
                1006 0 0 1 1    x    0 0  120
                1007 1 0 1 1    x    0 0  120
                1008 0 0 1 1    x    0 0  120
                1009 1 0 1 1    x    0 0  120
                1010 0 0 1 1    x    0 0  120
                1011 1 0 1 1    x    0 0  120
                1012 0 0 1 1    x    0 0  120
                1013 1 0 1 1    x    0 0  120
                1014 0 0 1 1    x    0 0  120
